NC_035780.1	261674	261823	32
NC_035780.1	261934	262160	39
NC_035780.1	269981	270179	34
NC_035780.1	369907	370328	70
NC_035780.1	389228	389585	61
NC_035780.1	405594	405792	32
NC_035780.1	575210	575409	31
NC_035780.1	604854	605022	31
NC_035780.1	780544	780740	32
NC_035780.1	966550	966748	30
NC_035780.1	1224200	1224471	54
NC_035780.1	1907040	1907238	30
NC_035780.1	1956315	1956508	32
NC_035780.1	1956580	1956777	30
NC_035780.1	2029183	2029350	34
NC_035780.1	2559604	2559789	32
NC_035780.1	2571108	2571302	30
NC_035780.1	2571336	2571534	30
NC_035780.1	2734809	2735003	30
NC_035780.1	2936118	2936415	49
NC_035780.1	3983599	3983798	30
NC_035780.1	3993641	3993823	32
NC_035780.1	4286159	4286313	31
NC_035780.1	4516661	4516855	30
NC_035780.1	4529314	4529510	32
NC_035780.1	4636641	4636832	34
NC_035780.1	4641553	4641745	30
NC_035780.1	5237377	5237576	32
NC_035780.1	6549241	6549451	39
NC_035780.1	6551943	6552000	32
NC_035780.1	7114653	7114845	30
NC_035780.1	7389637	7389986	56
NC_035780.1	7392830	7393125	54
NC_035780.1	7524569	7524762	32
NC_035780.1	7922568	7922772	38
NC_035780.1	8518124	8518424	55
NC_035780.1	9604174	9604367	30
NC_035780.1	9605211	9605443	40
NC_035780.1	9750700	9750940	42
NC_035780.1	10276360	10276521	32
NC_035780.1	10299298	10299535	38
NC_035780.1	10303290	10303510	44
NC_035780.1	10305406	10305625	41
NC_035780.1	11031846	11032122	49
NC_035780.1	11032525	11032695	33
NC_035780.1	11637501	11637683	30
NC_035780.1	11741299	11741429	32
NC_035780.1	12722811	12723161	64
NC_035780.1	13163324	13163521	32
NC_035780.1	13222498	13222684	30
NC_035780.1	13227819	13228012	30
NC_035780.1	13317365	13317564	33
NC_035780.1	13572168	13572316	32
NC_035780.1	13586891	13587081	32
NC_035780.1	13656714	13657046	56
NC_035780.1	13658990	13659253	52
NC_035780.1	13661958	13662256	49
NC_035780.1	13663389	13663595	43
NC_035780.1	15816045	15816218	31
NC_035780.1	16489802	16489970	31
NC_035780.1	16976618	16976814	33
NC_035780.1	17476409	17476607	32
NC_035780.1	17497111	17497330	38
NC_035780.1	17498818	17499065	40
NC_035780.1	17727129	17727327	40
NC_035780.1	17737138	17737322	32
NC_035780.1	17747142	17747384	38
NC_035780.1	17862841	17863040	30
NC_035780.1	17900718	17900781	35
NC_035780.1	19112233	19112430	32
NC_035780.1	19447646	19447842	30
NC_035780.1	19448459	19448804	69
NC_035780.1	19476627	19476826	30
NC_035780.1	19561793	19562035	40
NC_035780.1	19861044	19861242	31
NC_035780.1	19937704	19937899	30
NC_035780.1	19944667	19944857	33
NC_035780.1	19950899	19951348	73
NC_035780.1	19957498	19957685	30
NC_035780.1	21581604	21581838	38
NC_035780.1	21584446	21584614	32
NC_035780.1	21871931	21872103	30
NC_035780.1	21880638	21880877	38
NC_035780.1	21891611	21891828	39
NC_035780.1	21893159	21893447	50
NC_035780.1	21976388	21976562	30
NC_035780.1	22277142	22277341	32
NC_035780.1	22380170	22380349	31
NC_035780.1	22416457	22416604	30
NC_035780.1	22656439	22656834	61
NC_035780.1	22661309	22661496	30
NC_035780.1	22665108	22665449	53
NC_035780.1	22665872	22666062	30
NC_035780.1	23040652	23040778	30
NC_035780.1	23623035	23623231	34
NC_035780.1	23639160	23639377	38
NC_035780.1	23976488	23976676	30
NC_035780.1	24081155	24081354	30
NC_035780.1	24152470	24152668	32
NC_035780.1	24154574	24154773	33
NC_035780.1	24234331	24234527	30
NC_035780.1	24251616	24251813	30
NC_035780.1	24333132	24333316	30
NC_035780.1	24628392	24628564	32
NC_035780.1	24838511	24838683	30
NC_035780.1	25156584	25156783	31
NC_035780.1	25599262	25599382	30
NC_035780.1	25872146	25872343	31
NC_035780.1	25919960	25920192	41
NC_035780.1	25984234	25984433	32
NC_035780.1	25985058	25985304	40
NC_035780.1	26205874	26206113	38
NC_035780.1	26209154	26209438	46
NC_035780.1	26234965	26235205	40
NC_035780.1	26388744	26388913	32
NC_035780.1	26408138	26408366	39
NC_035780.1	26410029	26410220	34
NC_035780.1	26562481	26562676	30
NC_035780.1	26635743	26635941	31
NC_035780.1	26635947	26636444	78
NC_035780.1	26637416	26637672	46
NC_035780.1	26637764	26638058	45
NC_035780.1	26662801	26663039	38
NC_035780.1	26664651	26664939	49
NC_035780.1	26677390	26677585	32
NC_035780.1	26687442	26687638	30
NC_035780.1	26974968	26975150	34
NC_035780.1	27331053	27331245	32
NC_035780.1	27534523	27534704	31
NC_035780.1	27566107	27566299	34
NC_035780.1	28283595	28283793	31
NC_035780.1	28323035	28323234	32
NC_035780.1	28327070	28327264	30
NC_035780.1	28692822	28692999	32
NC_035780.1	28805994	28806273	49
NC_035780.1	28807242	28807404	33
NC_035780.1	28827378	28827552	30
NC_035780.1	29062084	29062317	41
NC_035780.1	29272843	29273031	31
NC_035780.1	29473854	29474050	31
NC_035780.1	29668761	29668951	30
NC_035780.1	29926647	29926841	32
NC_035780.1	29993743	29993881	30
NC_035780.1	30723626	30723818	31
NC_035780.1	32308072	32308309	38
NC_035780.1	32402118	32402308	32
NC_035780.1	32439340	32439535	32
NC_035780.1	32476619	32476795	30
NC_035780.1	32700933	32701128	30
NC_035780.1	32787167	32787463	48
NC_035780.1	32787862	32788057	31
NC_035780.1	32790780	32790958	31
NC_035780.1	33209513	33209701	30
NC_035780.1	33246770	33246967	30
NC_035780.1	33744391	33744581	30
NC_035780.1	34243701	34243942	46
NC_035780.1	34762289	34762477	31
NC_035780.1	34805193	34805392	31
NC_035780.1	34806253	34806449	36
NC_035780.1	35010755	35011054	45
NC_035780.1	35059192	35059388	30
NC_035780.1	35934007	35934063	33
NC_035780.1	36262922	36263114	30
NC_035780.1	36414741	36414926	31
NC_035780.1	36671870	36672219	55
NC_035780.1	36673557	36673795	53
NC_035780.1	37173838	37174035	32
NC_035780.1	37175483	37175796	56
NC_035780.1	37536209	37536483	49
NC_035780.1	37640852	37641048	30
NC_035780.1	37992114	37992307	30
NC_035780.1	38148426	38148611	31
NC_035780.1	38294037	38294235	31
NC_035780.1	38616629	38616849	40
NC_035780.1	39220452	39220616	30
NC_035780.1	39325818	39326042	40
NC_035780.1	39874727	39874924	30
NC_035780.1	40413475	40413902	71
NC_035780.1	40416671	40416964	48
NC_035780.1	40417512	40417761	38
NC_035780.1	40569093	40569322	38
NC_035780.1	40637109	40637296	31
NC_035780.1	40746204	40746382	32
NC_035780.1	40751340	40751538	36
NC_035780.1	40785503	40785844	57
NC_035780.1	40786824	40787107	56
NC_035780.1	40788872	40789216	53
NC_035780.1	40791830	40792027	30
NC_035780.1	40794126	40794370	38
NC_035780.1	40828975	40829068	31
NC_035780.1	40832456	40832646	38
NC_035780.1	40862433	40863031	91
NC_035780.1	40863865	40864262	65
NC_035780.1	40875328	40875570	40
NC_035780.1	40878183	40878399	44
NC_035780.1	41060915	41061295	62
NC_035780.1	41077170	41077359	30
NC_035780.1	41096115	41096310	30
NC_035780.1	41126110	41126308	36
NC_035780.1	41429872	41430067	31
NC_035780.1	41430610	41430806	30
NC_035780.1	41454976	41455202	40
NC_035780.1	41471448	41471642	32
NC_035780.1	41475629	41475789	34
NC_035780.1	41477734	41477915	37
NC_035780.1	41491121	41491308	34
NC_035780.1	41491413	41491609	30
NC_035780.1	41544959	41545155	30
NC_035780.1	41616268	41616439	31
NC_035780.1	41773781	41774012	48
NC_035780.1	41794245	41794538	45
NC_035780.1	41795759	41795990	39
NC_035780.1	41796425	41796601	30
NC_035780.1	41803146	41803343	34
NC_035780.1	41869543	41869735	30
NC_035780.1	41995479	41995840	61
NC_035780.1	42009288	42009486	30
NC_035780.1	42059621	42059961	55
NC_035780.1	42061046	42061428	63
NC_035780.1	42373384	42373581	34
NC_035780.1	42729332	42729529	30
NC_035780.1	42939005	42939230	38
NC_035780.1	43119028	43119210	30
NC_035780.1	43151984	43152176	30
NC_035780.1	43187599	43187795	30
NC_035780.1	43549751	43549900	30
NC_035780.1	44766890	44767089	30
NC_035780.1	45288735	45288918	32
NC_035780.1	45891122	45891368	38
NC_035780.1	46503443	46503657	41
NC_035780.1	46505154	46505350	32
NC_035780.1	46801129	46801363	42
NC_035780.1	47302618	47302797	30
NC_035780.1	47338380	47338567	30
NC_035780.1	49488119	49488305	30
NC_035780.1	50267203	50267402	33
NC_035780.1	50361521	50361571	30
NC_035780.1	50615638	50615931	47
NC_035780.1	50616104	50616343	38
NC_035780.1	50616394	50616692	46
NC_035780.1	50617296	50617580	49
NC_035780.1	50618484	50618678	30
NC_035780.1	51300857	51301050	32
NC_035780.1	51472314	51472512	30
NC_035780.1	52590768	52590923	35
NC_035780.1	52696182	52696362	30
NC_035780.1	54639904	54640168	46
NC_035780.1	55033431	55033675	40
NC_035780.1	55907149	55907397	40
NC_035780.1	55968130	55968305	31
NC_035780.1	57283476	57283665	30
NC_035780.1	59055882	59056074	34
NC_035780.1	59426359	59426617	47
NC_035780.1	59428110	59428335	39
NC_035780.1	59707789	59708274	80
NC_035780.1	59994807	59995006	34
NC_035780.1	60035349	60035488	33
NC_035780.1	60359291	60359640	53
NC_035780.1	60373068	60373311	38
NC_035780.1	60707351	60707640	47
NC_035780.1	60709722	60709921	31
NC_035780.1	61179004	61179178	32
NC_035780.1	61482424	61482621	30
NC_035780.1	62750181	62750380	35
NC_035780.1	62764166	62764350	30
NC_035780.1	63734602	63734828	38
NC_035780.1	63930096	63930271	30
NC_035780.1	64042852	64043143	48
NC_035780.1	64270283	64270477	30
NC_035780.1	64271645	64271891	42
NC_035780.1	64727999	64728224	39
NC_035780.1	64872038	64872234	32
NC_035781.1	231265	231459	30
NC_035781.1	518581	518778	30
NC_035781.1	674467	674762	48
NC_035781.1	709598	709795	37
NC_035781.1	762353	762550	32
NC_035781.1	852494	852793	50
NC_035781.1	854074	854246	38
NC_035781.1	1076156	1076337	30
NC_035781.1	1103111	1103321	38
NC_035781.1	1107528	1107713	31
NC_035781.1	1173674	1173892	38
NC_035781.1	1247685	1247914	48
NC_035781.1	1292265	1292501	41
NC_035781.1	1486036	1486235	30
NC_035781.1	1560545	1560870	55
NC_035781.1	1769797	1770084	48
NC_035781.1	2017385	2017566	30
NC_035781.1	2078710	2078880	30
NC_035781.1	2267750	2268025	50
NC_035781.1	2388251	2388439	32
NC_035781.1	2519842	2520019	31
NC_035781.1	2528662	2528929	45
NC_035781.1	2678476	2678675	30
NC_035781.1	2711772	2712020	40
NC_035781.1	3442058	3442225	34
NC_035781.1	4067097	4067339	40
NC_035781.1	4419434	4419683	41
NC_035781.1	4420100	4420298	33
NC_035781.1	4424690	4424939	41
NC_035781.1	4605792	4606037	38
NC_035781.1	4902351	4902598	38
NC_035781.1	5164087	5164282	30
NC_035781.1	5252523	5252695	32
NC_035781.1	5441109	5441308	30
NC_035781.1	5535352	5535640	46
NC_035781.1	5537586	5537783	35
NC_035781.1	5537819	5538014	30
NC_035781.1	5538572	5538855	46
NC_035781.1	5539707	5539956	38
NC_035781.1	7742172	7742371	30
NC_035781.1	7842615	7842801	30
NC_035781.1	8574770	8574953	30
NC_035781.1	9355387	9355575	38
NC_035781.1	9375573	9375816	38
NC_035781.1	9442519	9442697	30
NC_035781.1	9459189	9459388	32
NC_035781.1	9598187	9598386	30
NC_035781.1	12984612	12984832	38
NC_035781.1	13166518	13166716	33
NC_035781.1	13258272	13258453	31
NC_035781.1	13264646	13264880	38
NC_035781.1	13472217	13472388	35
NC_035781.1	14155044	14155243	30
NC_035781.1	14844299	14844349	30
NC_035781.1	15568450	15568564	32
NC_035781.1	16777029	16777336	57
NC_035781.1	16922302	16922460	30
NC_035781.1	19473278	19473468	35
NC_035781.1	19675949	19676136	30
NC_035781.1	19685074	19685256	30
NC_035781.1	20334141	20334326	32
NC_035781.1	20487847	20488038	30
NC_035781.1	20826806	20827048	39
NC_035781.1	20940805	20941195	68
NC_035781.1	20942133	20942418	52
NC_035781.1	20947448	20947638	30
NC_035781.1	20948690	20948887	30
NC_035781.1	20949258	20949456	30
NC_035781.1	20949819	20950040	38
NC_035781.1	20952360	20952664	55
NC_035781.1	20953821	20954018	32
NC_035781.1	20984522	20984716	30
NC_035781.1	21000454	21000678	42
NC_035781.1	21002045	21002219	30
NC_035781.1	21146918	21147165	38
NC_035781.1	21207174	21207354	31
NC_035781.1	22262276	22262364	30
NC_035781.1	22345183	22345464	48
NC_035781.1	22347302	22347592	46
NC_035781.1	22368420	22368640	39
NC_035781.1	22373322	22373512	38
NC_035781.1	22410562	22410753	35
NC_035781.1	22495102	22495293	30
NC_035781.1	22677008	22677245	44
NC_035781.1	22685057	22685280	40
NC_035781.1	22688912	22689132	38
NC_035781.1	22904192	22904387	32
NC_035781.1	23435878	23436072	30
NC_035781.1	27637443	27637689	40
NC_035781.1	27785720	27785917	30
NC_035781.1	27938026	27938225	32
NC_035781.1	29006340	29006448	31
NC_035781.1	29226701	29226892	32
NC_035781.1	29379611	29379810	31
NC_035781.1	29381304	29381599	52
NC_035781.1	29523797	29523947	30
NC_035781.1	29568508	29568707	30
NC_035781.1	29610171	29610353	35
NC_035781.1	29802914	29803109	31
NC_035781.1	30334980	30335165	30
NC_035781.1	30576697	30576894	32
NC_035781.1	31033043	31033236	34
NC_035781.1	31218691	31218852	32
NC_035781.1	31265523	31265722	31
NC_035781.1	31573265	31573454	35
NC_035781.1	32151064	32151353	55
NC_035781.1	32152435	32152678	42
NC_035781.1	33054348	33054595	39
NC_035781.1	33116316	33116535	38
NC_035781.1	33235370	33235567	30
NC_035781.1	33629764	33629955	30
NC_035781.1	34575216	34575474	48
NC_035781.1	35411399	35411590	30
NC_035781.1	35442708	35442758	30
NC_035781.1	36757626	36757875	40
NC_035781.1	36772171	36772416	40
NC_035781.1	36826570	36826728	32
NC_035781.1	36836586	36836780	32
NC_035781.1	38080634	38080819	30
NC_035781.1	38483342	38483493	36
NC_035781.1	39178395	39178590	30
NC_035781.1	39321093	39321338	38
NC_035781.1	39765921	39766100	35
NC_035781.1	39896987	39897186	32
NC_035781.1	40561668	40561793	30
NC_035781.1	41011721	41011917	31
NC_035781.1	41436169	41436407	42
NC_035781.1	42196352	42196550	30
NC_035781.1	43249372	43249596	42
NC_035781.1	43972295	43972486	33
NC_035781.1	43972847	43973041	32
NC_035781.1	44190416	44190607	30
NC_035781.1	44889580	44889794	38
NC_035781.1	44891285	44891481	31
NC_035781.1	45324522	45324721	32
NC_035781.1	45326235	45326432	31
NC_035781.1	47044320	47044495	30
NC_035781.1	47513369	47513551	30
NC_035781.1	47762990	47763339	58
NC_035781.1	48693030	48693226	32
NC_035781.1	49209037	49209234	30
NC_035781.1	49310687	49310936	41
NC_035781.1	50275324	50275523	33
NC_035781.1	50709769	50709963	30
NC_035781.1	51608228	51608395	32
NC_035781.1	52611450	52611646	41
NC_035781.1	52679613	52679858	38
NC_035781.1	52800837	52801033	30
NC_035781.1	53422443	53422636	30
NC_035781.1	53438117	53438340	40
NC_035781.1	53496759	53496958	31
NC_035781.1	53579550	53579743	30
NC_035781.1	53784413	53784681	47
NC_035781.1	54117315	54117509	30
NC_035781.1	54492275	54492459	32
NC_035781.1	54584662	54584860	30
NC_035781.1	54734212	54734402	30
NC_035781.1	54788029	54788227	31
NC_035781.1	54802759	54802946	31
NC_035781.1	54939424	54939669	40
NC_035781.1	54940618	54940916	45
NC_035781.1	54941111	54941346	40
NC_035781.1	54941737	54941934	30
NC_035781.1	55597587	55597833	44
NC_035781.1	55599249	55599498	45
NC_035781.1	56939222	56939433	40
NC_035781.1	57173428	57173624	30
NC_035781.1	57195851	57196012	30
NC_035781.1	57224999	57225195	30
NC_035781.1	57568745	57568919	32
NC_035781.1	57571934	57572106	40
NC_035781.1	57575417	57575708	50
NC_035781.1	57680713	57680953	38
NC_035781.1	57836713	57836903	31
NC_035781.1	57854279	57854476	30
NC_035781.1	59350073	59350258	30
NC_035781.1	59584332	59584382	30
NC_035781.1	59627462	59627755	47
NC_035781.1	59691125	59691408	50
NC_035781.1	59692456	59692730	46
NC_035781.1	59692991	59693172	34
NC_035781.1	59734902	59735040	32
NC_035781.1	61477226	61477388	34
NC_035782.1	18677	18858	31
NC_035782.1	883193	883391	34
NC_035782.1	1629827	1630018	35
NC_035782.1	1631135	1631407	53
NC_035782.1	2110496	2110695	30
NC_035782.1	2189362	2189561	32
NC_035782.1	2203191	2203390	33
NC_035782.1	2450524	2450662	30
NC_035782.1	2468013	2468208	32
NC_035782.1	2475446	2475637	32
NC_035782.1	2511053	2511250	32
NC_035782.1	3193431	3193673	39
NC_035782.1	3311506	3311702	33
NC_035782.1	3347249	3347435	32
NC_035782.1	3996343	3996542	32
NC_035782.1	4148872	4149114	42
NC_035782.1	4701498	4701844	58
NC_035782.1	4705921	4706111	31
NC_035782.1	4712564	4712756	32
NC_035782.1	4850162	4850342	34
NC_035782.1	5574083	5574282	30
NC_035782.1	5676979	5677218	39
NC_035782.1	5796482	5796674	33
NC_035782.1	5797922	5798105	33
NC_035782.1	6009336	6009532	32
NC_035782.1	6063456	6063655	30
NC_035782.1	6073300	6073498	30
NC_035782.1	6779170	6779369	32
NC_035782.1	6833706	6833939	39
NC_035782.1	6853138	6853311	30
NC_035782.1	6863226	6863450	41
NC_035782.1	6864632	6864801	30
NC_035782.1	6874877	6875067	30
NC_035782.1	6879929	6880127	30
NC_035782.1	6884134	6884328	30
NC_035782.1	6903673	6903893	38
NC_035782.1	6940063	6940260	32
NC_035782.1	7851266	7851459	32
NC_035782.1	8152019	8152176	32
NC_035782.1	8181844	8182024	32
NC_035782.1	8194658	8194857	30
NC_035782.1	8247086	8247325	39
NC_035782.1	8644070	8644269	31
NC_035782.1	8721983	8722232	43
NC_035782.1	8749516	8749758	38
NC_035782.1	9039471	9039708	40
NC_035782.1	9401002	9401199	30
NC_035782.1	10113366	10113538	40
NC_035782.1	10115163	10115350	30
NC_035782.1	10169255	10169444	37
NC_035782.1	11504288	11504485	30
NC_035782.1	12368533	12368713	30
NC_035782.1	12609324	12609540	40
NC_035782.1	12610757	12610971	41
NC_035782.1	13131252	13131411	30
NC_035782.1	13135964	13136147	31
NC_035782.1	14288429	14288657	45
NC_035782.1	15131186	15131527	54
NC_035782.1	16003386	16003581	30
NC_035782.1	16045272	16045436	31
NC_035782.1	16642473	16642665	31
NC_035782.1	16670040	16670217	30
NC_035782.1	17161717	17161767	30
NC_035782.1	19084939	19085165	38
NC_035782.1	19104066	19104261	39
NC_035782.1	20399976	20400169	34
NC_035782.1	20403980	20404171	30
NC_035782.1	20788205	20788383	32
NC_035782.1	20796820	20797015	31
NC_035782.1	20800475	20800662	31
NC_035782.1	20806153	20806320	30
NC_035782.1	20842252	20842434	32
NC_035782.1	20850052	20850243	32
NC_035782.1	20855217	20855412	30
NC_035782.1	20865634	20865790	30
NC_035782.1	20923107	20923296	33
NC_035782.1	20996922	20997119	31
NC_035782.1	20997577	20997821	45
NC_035782.1	21019838	21020083	42
NC_035782.1	21020459	21020647	30
NC_035782.1	21028350	21028535	32
NC_035782.1	21029497	21029691	33
NC_035782.1	21042562	21042761	32
NC_035782.1	21043508	21043708	45
NC_035782.1	21512720	21513005	45
NC_035782.1	23836182	23836370	30
NC_035782.1	24477287	24477524	40
NC_035782.1	24512820	24513058	40
NC_035782.1	24576605	24576801	30
NC_035782.1	24600113	24600296	30
NC_035782.1	24604231	24604423	31
NC_035782.1	24904544	24904776	38
NC_035782.1	24965743	24965923	31
NC_035782.1	25134605	25134764	30
NC_035782.1	25143288	25143467	31
NC_035782.1	26115868	26116066	30
NC_035782.1	26160981	26161155	38
NC_035782.1	26475396	26475590	30
NC_035782.1	26653677	26653867	33
NC_035782.1	26773349	26773479	30
NC_035782.1	26824686	26824935	39
NC_035782.1	26848163	26848349	36
NC_035782.1	27056460	27056651	30
NC_035782.1	27304820	27305005	30
NC_035782.1	28502160	28502340	36
NC_035782.1	28785319	28785515	31
NC_035782.1	30548969	30549143	31
NC_035782.1	30741126	30741311	30
NC_035782.1	30747631	30747830	30
NC_035782.1	30935552	30935749	30
NC_035782.1	31619871	31620012	30
NC_035782.1	31980173	31980299	30
NC_035782.1	32423753	32423952	30
NC_035782.1	33057610	33057858	39
NC_035782.1	33118827	33119012	32
NC_035782.1	33275698	33275892	34
NC_035782.1	33585365	33585560	30
NC_035782.1	33590285	33590484	30
NC_035782.1	33598212	33598411	30
NC_035782.1	33674013	33674260	38
NC_035782.1	33796237	33796428	30
NC_035782.1	33805713	33805988	48
NC_035782.1	33810129	33810328	31
NC_035782.1	33824637	33824903	59
NC_035782.1	33846301	33846577	50
NC_035782.1	33849339	33849501	32
NC_035782.1	33859273	33859461	40
NC_035782.1	33885904	33886113	38
NC_035782.1	34117496	34117736	41
NC_035782.1	34119254	34119488	39
NC_035782.1	34123054	34123208	30
NC_035782.1	34147748	34147934	30
NC_035782.1	34165295	34165453	35
NC_035782.1	34167347	34167521	37
NC_035782.1	34194476	34194678	38
NC_035782.1	34245452	34245691	39
NC_035782.1	34247532	34247711	38
NC_035782.1	34265530	34265726	30
NC_035782.1	34290413	34290642	45
NC_035782.1	34311533	34311700	30
NC_035782.1	34320024	34320302	47
NC_035782.1	34325273	34325471	33
NC_035782.1	34327148	34327339	33
NC_035782.1	34392349	34392670	54
NC_035782.1	34393752	34393996	51
NC_035782.1	34407145	34407339	30
NC_035782.1	34426045	34426238	30
NC_035782.1	34438363	34438556	31
NC_035782.1	34463192	34463433	38
NC_035782.1	34486812	34487059	38
NC_035782.1	34491035	34491401	61
NC_035782.1	34492469	34492716	54
NC_035782.1	34531839	34532124	45
NC_035782.1	34651995	34652194	30
NC_035782.1	34848903	34849285	60
NC_035782.1	34850219	34850654	71
NC_035782.1	34855091	34855533	73
NC_035782.1	34856563	34856953	61
NC_035782.1	34874261	34874456	30
NC_035782.1	34883450	34883684	38
NC_035782.1	34960479	34960655	34
NC_035782.1	34985095	34985320	38
NC_035782.1	35113610	35113849	44
NC_035782.1	35117548	35117808	49
NC_035782.1	35135761	35136005	38
NC_035782.1	35137813	35137975	32
NC_035782.1	35151032	35151258	41
NC_035782.1	35152635	35152832	30
NC_035782.1	35406301	35406528	45
NC_035782.1	35415256	35415541	45
NC_035782.1	35435096	35435274	40
NC_035782.1	35459307	35459497	33
NC_035782.1	35468214	35468513	46
NC_035782.1	35469716	35469846	37
NC_035782.1	35477083	35477273	30
NC_035782.1	35485984	35486048	34
NC_035782.1	35659480	35659677	32
NC_035782.1	36506765	36506954	31
NC_035782.1	37617399	37617585	34
NC_035782.1	37619113	37619362	48
NC_035782.1	37981338	37981537	31
NC_035782.1	39620834	39621083	39
NC_035782.1	39671733	39671927	30
NC_035782.1	39806001	39806193	31
NC_035782.1	40182879	40183110	38
NC_035782.1	40274713	40274940	38
NC_035782.1	40964694	40964941	39
NC_035782.1	40984918	40985145	41
NC_035782.1	41002715	41002913	30
NC_035782.1	41170964	41171247	46
NC_035782.1	41447677	41447870	31
NC_035782.1	41780207	41780391	30
NC_035782.1	42230902	42231045	31
NC_035782.1	42279751	42279943	31
NC_035782.1	42999799	42999998	31
NC_035782.1	44753177	44753369	40
NC_035782.1	44913598	44913843	41
NC_035782.1	45302370	45302568	30
NC_035782.1	45369359	45369923	103
NC_035782.1	45475216	45475380	30
NC_035782.1	45476853	45477050	30
NC_035782.1	45865012	45865209	33
NC_035782.1	45895797	45896114	57
NC_035782.1	45897428	45897791	62
NC_035782.1	46000865	46001063	30
NC_035782.1	46470514	46470759	39
NC_035782.1	47420665	47420778	30
NC_035782.1	47422960	47423159	30
NC_035782.1	47498336	47498531	32
NC_035782.1	47740714	47740920	40
NC_035782.1	48117465	48117664	32
NC_035782.1	48137186	48137370	30
NC_035782.1	49201277	49201447	30
NC_035782.1	49466119	49466342	38
NC_035782.1	49534881	49535029	30
NC_035782.1	49717377	49717612	39
NC_035782.1	49833146	49833344	32
NC_035782.1	49853716	49853913	34
NC_035782.1	50052392	50052585	30
NC_035782.1	50577391	50577585	31
NC_035782.1	50583456	50583671	39
NC_035782.1	50726256	50726447	32
NC_035782.1	50773078	50773232	31
NC_035782.1	51095015	51095350	61
NC_035782.1	51598939	51599134	30
NC_035782.1	52305570	52305728	32
NC_035782.1	52506363	52506542	32
NC_035782.1	52601002	52601192	32
NC_035782.1	52708033	52708262	41
NC_035782.1	52823804	52823989	30
NC_035782.1	52870526	52870725	36
NC_035782.1	53440359	53440555	30
NC_035782.1	53867546	53867740	30
NC_035782.1	53870254	53870437	32
NC_035782.1	53980149	53980310	30
NC_035782.1	54468140	54468271	34
NC_035782.1	55450829	55451025	39
NC_035782.1	55452200	55452543	54
NC_035782.1	56470252	56470456	38
NC_035782.1	56644599	56644798	31
NC_035782.1	56699777	56699976	32
NC_035782.1	57079123	57079308	35
NC_035782.1	58356205	58356269	38
NC_035782.1	58602866	58603060	31
NC_035782.1	59515886	59516124	44
NC_035782.1	59849687	59849827	32
NC_035782.1	60154403	60154602	30
NC_035782.1	60786082	60786246	32
NC_035782.1	60856388	60856579	32
NC_035782.1	61377131	61377317	31
NC_035782.1	61969986	61970181	31
NC_035782.1	62408019	62408187	32
NC_035782.1	63194579	63194629	30
NC_035782.1	63504385	63504561	31
NC_035782.1	64045353	64045549	32
NC_035782.1	64306360	64306546	32
NC_035782.1	64308626	64308795	41
NC_035782.1	64533504	64533695	33
NC_035782.1	64568772	64568925	30
NC_035782.1	64758807	64759000	30
NC_035782.1	64827095	64827451	60
NC_035782.1	64883017	64883216	31
NC_035782.1	64888182	64888323	30
NC_035782.1	65115715	65115906	30
NC_035782.1	66230916	66231150	38
NC_035782.1	66441934	66442238	57
NC_035782.1	66446958	66447078	33
NC_035782.1	67320284	67320481	30
NC_035782.1	67342294	67342480	30
NC_035782.1	67584130	67584511	64
NC_035782.1	67610546	67610725	33
NC_035782.1	68641771	68641957	31
NC_035782.1	69324941	69325139	30
NC_035782.1	69795261	69795460	30
NC_035782.1	69890745	69890991	42
NC_035782.1	70270140	70270384	40
NC_035782.1	71333632	71333830	31
NC_035782.1	71654766	71654953	36
NC_035782.1	71961588	71961645	34
NC_035782.1	72135014	72135229	40
NC_035782.1	72136052	72136233	30
NC_035782.1	72509755	72509983	38
NC_035782.1	72581138	72581368	38
NC_035782.1	72593814	72594039	38
NC_035782.1	72762951	72763250	49
NC_035782.1	72769200	72769382	35
NC_035782.1	72795448	72795639	33
NC_035782.1	73633354	73633543	30
NC_035782.1	74061916	74062092	30
NC_035782.1	74617732	74617923	30
NC_035782.1	75074778	75074967	30
NC_035782.1	75561594	75561785	30
NC_035782.1	75699550	75699675	34
NC_035782.1	76280981	76281165	34
NC_035782.1	76973433	76973627	30
NC_035783.1	213525	213753	38
NC_035783.1	622903	623070	32
NC_035783.1	760155	760338	30
NC_035783.1	792712	792762	30
NC_035783.1	885728	885909	30
NC_035783.1	888543	888739	30
NC_035783.1	890489	890658	30
NC_035783.1	1840564	1840621	33
NC_035783.1	2115636	2115793	33
NC_035783.1	2640032	2640418	68
NC_035783.1	2643972	2644292	61
NC_035783.1	4024479	4024673	34
NC_035783.1	4317758	4317955	34
NC_035783.1	4852393	4852566	32
NC_035783.1	5026635	5026831	30
NC_035783.1	5568060	5568110	30
NC_035783.1	5893585	5893774	31
NC_035783.1	5955023	5955316	47
NC_035783.1	5956774	5957063	45
NC_035783.1	6748144	6748401	54
NC_035783.1	6749589	6749824	41
NC_035783.1	6757037	6757235	30
NC_035783.1	6758684	6758854	32
NC_035783.1	7026436	7026627	31
NC_035783.1	7401372	7401551	30
NC_035783.1	9198774	9198972	30
NC_035783.1	9309843	9310034	39
NC_035783.1	9367595	9367790	30
NC_035783.1	10005685	10005876	32
NC_035783.1	10504965	10505133	30
NC_035783.1	10952091	10952288	32
NC_035783.1	10958313	10958500	30
NC_035783.1	10998797	10999020	38
NC_035783.1	11175896	11176095	32
NC_035783.1	11732050	11732247	30
NC_035783.1	11976630	11976824	31
NC_035783.1	12033297	12033485	32
NC_035783.1	12050590	12050788	32
NC_035783.1	12295437	12295636	32
NC_035783.1	12443353	12443543	38
NC_035783.1	13196118	13196352	41
NC_035783.1	13423388	13423575	31
NC_035783.1	13967129	13967319	30
NC_035783.1	14103208	14103405	33
NC_035783.1	14117352	14117528	30
NC_035783.1	14204706	14204903	32
NC_035783.1	14835123	14835404	46
NC_035783.1	14836732	14837046	60
NC_035783.1	15187817	15188008	30
NC_035783.1	16237495	16237733	49
NC_035783.1	16807889	16808086	30
NC_035783.1	16942959	16943206	39
NC_035783.1	17221242	17221438	31
NC_035783.1	17490357	17490546	36
NC_035783.1	17588431	17588616	30
NC_035783.1	17745181	17745333	30
NC_035783.1	18011392	18011580	31
NC_035783.1	18022276	18022475	31
NC_035783.1	18064557	18064747	30
NC_035783.1	18064799	18064995	35
NC_035783.1	18330415	18330701	49
NC_035783.1	18381863	18382206	56
NC_035783.1	18384689	18384978	52
NC_035783.1	19006313	19006493	30
NC_035783.1	19013564	19013763	31
NC_035783.1	19066622	19066814	31
NC_035783.1	19077643	19077833	30
NC_035783.1	19102130	19102315	32
NC_035783.1	19216911	19217108	30
NC_035783.1	19218038	19218249	39
NC_035783.1	19245628	19245821	31
NC_035783.1	19349780	19349882	36
NC_035783.1	19478643	19478842	32
NC_035783.1	19552979	19553162	32
NC_035783.1	19657269	19657501	38
NC_035783.1	19868512	19868684	33
NC_035783.1	19915570	19915817	43
NC_035783.1	19977389	19977579	30
NC_035783.1	20370287	20370481	36
NC_035783.1	20473699	20474187	86
NC_035783.1	20474647	20474846	33
NC_035783.1	20487161	20487402	40
NC_035783.1	20594317	20594481	32
NC_035783.1	20699211	20699404	32
NC_035783.1	20705691	20705886	30
NC_035783.1	20743006	20743202	33
NC_035783.1	20809427	20809613	31
NC_035783.1	20814118	20814363	39
NC_035783.1	20882367	20882665	49
NC_035783.1	20977754	20977953	30
NC_035783.1	21019314	21019499	30
NC_035783.1	21026674	21026869	30
NC_035783.1	21626578	21626777	31
NC_035783.1	21746215	21746408	32
NC_035783.1	23679229	23679364	31
NC_035783.1	23778653	23778849	30
NC_035783.1	24369354	24369688	53
NC_035783.1	24754377	24754571	30
NC_035783.1	26100304	26100497	30
NC_035783.1	26882434	26882628	33
NC_035783.1	27294385	27294605	39
NC_035783.1	27946604	27946797	30
NC_035783.1	28403640	28403880	41
NC_035783.1	28890763	28890962	32
NC_035783.1	28974289	28974686	64
NC_035783.1	28974720	28974916	34
NC_035783.1	30057308	30057546	40
NC_035783.1	30395235	30395480	46
NC_035783.1	30481336	30481530	32
NC_035783.1	31586691	31586887	35
NC_035783.1	31845915	31846113	30
NC_035783.1	31953165	31953363	31
NC_035783.1	31954117	31954308	30
NC_035783.1	31954608	31954807	30
NC_035783.1	32271552	32271798	39
NC_035783.1	32271810	32272149	56
NC_035783.1	32588214	32588389	30
NC_035783.1	32773759	32773809	30
NC_035783.1	33034885	33035084	30
NC_035783.1	33836518	33836699	32
NC_035783.1	33944243	33944484	41
NC_035783.1	34854726	34854913	31
NC_035783.1	34919029	34919201	35
NC_035783.1	34919290	34919479	31
NC_035783.1	35570471	35570661	30
NC_035783.1	36115771	36115964	30
NC_035783.1	36710108	36710337	40
NC_035783.1	36754936	36755170	40
NC_035783.1	37123661	37123859	30
NC_035783.1	37180219	37180383	30
NC_035783.1	37426571	37426766	31
NC_035783.1	37561955	37562100	30
NC_035783.1	37564082	37564250	40
NC_035783.1	37896992	37897179	30
NC_035783.1	39562093	39562285	31
NC_035783.1	39743758	39743949	30
NC_035783.1	40769452	40769634	30
NC_035783.1	41383835	41384027	30
NC_035783.1	42046377	42046574	30
NC_035783.1	42048042	42048330	53
NC_035783.1	42371464	42371749	50
NC_035783.1	44452647	44452846	30
NC_035783.1	44454717	44454899	36
NC_035783.1	44461890	44462071	30
NC_035783.1	45215452	45215698	40
NC_035783.1	45476578	45476775	31
NC_035783.1	45539512	45539700	30
NC_035783.1	45539722	45539908	30
NC_035783.1	45577801	45578147	54
NC_035783.1	45834036	45834272	43
NC_035783.1	45835803	45836013	39
NC_035783.1	45947143	45947387	38
NC_035783.1	45949635	45949893	45
NC_035783.1	45983336	45983482	33
NC_035783.1	46025066	46025252	34
NC_035783.1	46070645	46070843	30
NC_035783.1	46078382	46078631	39
NC_035783.1	46100567	46100753	30
NC_035783.1	46101605	46101802	32
NC_035783.1	46106141	46106359	38
NC_035783.1	46110660	46110953	46
NC_035783.1	46115039	46115235	30
NC_035783.1	46759745	46759941	30
NC_035783.1	46802309	46802498	34
NC_035783.1	47009428	47009624	30
NC_035783.1	47010106	47010305	31
NC_035783.1	47010637	47011029	65
NC_035783.1	47012180	47012373	30
NC_035783.1	47272272	47272430	30
NC_035783.1	47282379	47282548	30
NC_035783.1	47334150	47334348	31
NC_035783.1	47389699	47389998	50
NC_035783.1	47399472	47399671	32
NC_035783.1	47437156	47437352	30
NC_035783.1	47440927	47441120	32
NC_035783.1	47467525	47467693	35
NC_035783.1	47469419	47469597	45
NC_035783.1	47510744	47510936	30
NC_035783.1	47530431	47530615	33
NC_035783.1	47647378	47647568	32
NC_035783.1	47985889	47986162	45
NC_035783.1	48377242	48377439	30
NC_035783.1	48380038	48380211	41
NC_035783.1	48448833	48449024	34
NC_035783.1	48462427	48462484	34
NC_035783.1	48506587	48506784	33
NC_035783.1	48526860	48527047	31
NC_035783.1	48628275	48628600	54
NC_035783.1	48630026	48630314	49
NC_035783.1	48633910	48634087	30
NC_035783.1	48727178	48727298	33
NC_035783.1	48735148	48735417	52
NC_035783.1	48912471	48912670	38
NC_035783.1	48914873	48915066	34
NC_035783.1	49210245	49210441	32
NC_035783.1	49217001	49217185	31
NC_035783.1	50495217	50495411	33
NC_035783.1	50499797	50500029	38
NC_035783.1	50810211	50810406	30
NC_035783.1	50943822	50944065	39
NC_035783.1	52637950	52638145	34
NC_035783.1	52638284	52638522	40
NC_035783.1	52781407	52781580	31
NC_035783.1	55619923	55620291	63
NC_035783.1	55620355	55620554	30
NC_035783.1	55620615	55620857	45
NC_035783.1	56062148	56062346	30
NC_035783.1	57218821	57219231	68
NC_035783.1	57220505	57220876	62
NC_035783.1	57538604	57538790	31
NC_035783.1	58817699	58817896	32
NC_035783.1	59624324	59624720	61
NC_035783.1	59624911	59625261	61
NC_035784.1	396095	396335	40
NC_035784.1	1045221	1045415	30
NC_035784.1	1059913	1060153	44
NC_035784.1	1488451	1488643	30
NC_035784.1	1490922	1491103	30
NC_035784.1	1867996	1868183	31
NC_035784.1	2009825	2010123	46
NC_035784.1	2030304	2030529	38
NC_035784.1	2031862	2032042	32
NC_035784.1	2251896	2252078	31
NC_035784.1	2283061	2283256	34
NC_035784.1	2637984	2638315	54
NC_035784.1	4388697	4388819	31
NC_035784.1	5321762	5321819	32
NC_035784.1	7634224	7634416	33
NC_035784.1	7790852	7791185	56
NC_035784.1	7792505	7792814	53
NC_035784.1	9105853	9106051	31
NC_035784.1	9417310	9417504	30
NC_035784.1	10012019	10012200	32
NC_035784.1	10220724	10220905	30
NC_035784.1	10223823	10223991	31
NC_035784.1	10882133	10882331	31
NC_035784.1	10984632	10984831	32
NC_035784.1	11869025	11869191	30
NC_035784.1	12090625	12090823	31
NC_035784.1	12162653	12162890	38
NC_035784.1	12526078	12526349	48
NC_035784.1	13455063	13455359	47
NC_035784.1	13508689	13508881	30
NC_035784.1	13843919	13844204	45
NC_035784.1	13896078	13896407	55
NC_035784.1	13897755	13898047	50
NC_035784.1	14168119	14168306	31
NC_035784.1	14426754	14426948	36
NC_035784.1	14901890	14902137	38
NC_035784.1	14902532	14902710	32
NC_035784.1	15004344	15004540	31
NC_035784.1	15021113	15021356	40
NC_035784.1	16192192	16192328	31
NC_035784.1	16194576	16194759	31
NC_035784.1	16258202	16258389	30
NC_035784.1	16664868	16665061	31
NC_035784.1	16853534	16853673	30
NC_035784.1	17089438	17089633	36
NC_035784.1	17100770	17100943	32
NC_035784.1	17827887	17828013	33
NC_035784.1	18177139	18177438	48
NC_035784.1	18244090	18244280	33
NC_035784.1	19848096	19848294	30
NC_035784.1	21007461	21007657	30
NC_035784.1	21013974	21014024	30
NC_035784.1	21561897	21562064	32
NC_035784.1	21650626	21650784	34
NC_035784.1	21827128	21827311	30
NC_035784.1	21864954	21865135	30
NC_035784.1	22085179	22085399	39
NC_035784.1	23120132	23120364	47
NC_035784.1	26441963	26442162	33
NC_035784.1	27363755	27363950	30
NC_035784.1	27826337	27826516	30
NC_035784.1	28519675	28519873	32
NC_035784.1	30983118	30983353	43
NC_035784.1	31073643	31073782	35
NC_035784.1	31953598	31953794	30
NC_035784.1	32254657	32254837	30
NC_035784.1	33001648	33001840	30
NC_035784.1	34282830	34283066	43
NC_035784.1	35542114	35542294	30
NC_035784.1	35901444	35901637	32
NC_035784.1	36139146	36139338	32
NC_035784.1	36479455	36479645	32
NC_035784.1	36650470	36650667	30
NC_035784.1	36651125	36651294	33
NC_035784.1	36998494	36998665	32
NC_035784.1	37084749	37084948	30
NC_035784.1	37151791	37151979	32
NC_035784.1	39573529	39573579	30
NC_035784.1	39824890	39825084	34
NC_035784.1	39935618	39935810	32
NC_035784.1	39937333	39937515	32
NC_035784.1	40214428	40214623	32
NC_035784.1	41010406	41010595	30
NC_035784.1	41603651	41603890	43
NC_035784.1	42010649	42010831	30
NC_035784.1	42477917	42478114	30
NC_035784.1	42983650	42983846	32
NC_035784.1	42983898	42984140	38
NC_035784.1	43349678	43349875	31
NC_035784.1	43391150	43391349	30
NC_035784.1	43662803	43663040	41
NC_035784.1	43693101	43693293	30
NC_035784.1	43776151	43776201	30
NC_035784.1	43877634	43877787	30
NC_035784.1	44021060	44021228	34
NC_035784.1	44245309	44245708	63
NC_035784.1	44247035	44247253	38
NC_035784.1	44274632	44274873	39
NC_035784.1	44276149	44276336	31
NC_035784.1	44277659	44277840	30
NC_035784.1	44279233	44279431	31
NC_035784.1	44280733	44280973	38
NC_035784.1	44306297	44306486	31
NC_035784.1	44309480	44309669	32
NC_035784.1	44314189	44314378	32
NC_035784.1	44319077	44319276	30
NC_035784.1	44320581	44320770	33
NC_035784.1	44322214	44322458	38
NC_035784.1	44323880	44324075	33
NC_035784.1	44357363	44357558	31
NC_035784.1	44385881	44386075	30
NC_035784.1	44386290	44386485	33
NC_035784.1	44386693	44387130	68
NC_035784.1	44421665	44421717	30
NC_035784.1	44432907	44433084	30
NC_035784.1	44433159	44433339	30
NC_035784.1	44433414	44433593	30
NC_035784.1	44435285	44435474	30
NC_035784.1	44436047	44436236	30
NC_035784.1	44436843	44437022	31
NC_035784.1	44437350	44437529	30
NC_035784.1	44437824	44438013	30
NC_035784.1	44439410	44439603	30
NC_035784.1	44522810	44523009	35
NC_035784.1	44908659	44908852	32
NC_035784.1	44911399	44911595	36
NC_035784.1	45291623	45291821	33
NC_035784.1	45540161	45540349	30
NC_035784.1	45544101	45544282	30
NC_035784.1	45547110	45547309	30
NC_035784.1	45600155	45600331	30
NC_035784.1	45742383	45742579	33
NC_035784.1	45852253	45852436	31
NC_035784.1	45853312	45853493	30
NC_035784.1	45859483	45859663	30
NC_035784.1	45861297	45861480	30
NC_035784.1	45908478	45908675	32
NC_035784.1	45986560	45986743	31
NC_035784.1	46057290	46057489	31
NC_035784.1	46058158	46058340	30
NC_035784.1	46060077	46060272	30
NC_035784.1	46060375	46060557	30
NC_035784.1	46061744	46061943	30
NC_035784.1	46062612	46062793	30
NC_035784.1	46065898	46066093	31
NC_035784.1	46066168	46066367	31
NC_035784.1	46068152	46068351	31
NC_035784.1	46180699	46180880	31
NC_035784.1	46180983	46181167	30
NC_035784.1	46181270	46181453	32
NC_035784.1	46181846	46182031	30
NC_035784.1	46182134	46182316	31
NC_035784.1	46182419	46182605	30
NC_035784.1	46182708	46182895	30
NC_035784.1	46182998	46183180	30
NC_035784.1	46183283	46183472	30
NC_035784.1	46183575	46183761	30
NC_035784.1	46184738	46184923	30
NC_035784.1	46185026	46185215	30
NC_035784.1	46185601	46185842	38
NC_035784.1	47010793	47010992	32
NC_035784.1	48010284	48010480	30
NC_035784.1	49205638	49205824	30
NC_035784.1	49887468	49887600	38
NC_035784.1	49904229	49904537	56
NC_035784.1	49905838	49906162	59
NC_035784.1	49971577	49971928	72
NC_035784.1	49973294	49973530	43
NC_035784.1	50102813	50103001	30
NC_035784.1	50247743	50247872	31
NC_035784.1	50303749	50303943	30
NC_035784.1	51328795	51328994	37
NC_035784.1	52581365	52581554	33
NC_035784.1	52644717	52644932	38
NC_035784.1	52662021	52662210	30
NC_035784.1	52691584	52691775	31
NC_035784.1	52699349	52699644	47
NC_035784.1	52772881	52773077	30
NC_035784.1	52779079	52779476	61
NC_035784.1	52796637	52796813	32
NC_035784.1	52799478	52799677	30
NC_035784.1	52876515	52876693	30
NC_035784.1	52901262	52901461	32
NC_035784.1	52908410	52908578	32
NC_035784.1	53076517	53076713	30
NC_035784.1	53170905	53171194	47
NC_035784.1	53271902	53272175	47
NC_035784.1	53346252	53346446	32
NC_035784.1	53485012	53485256	46
NC_035784.1	53585607	53585831	41
NC_035784.1	53610914	53611112	34
NC_035784.1	53612619	53612811	33
NC_035784.1	53636270	53636452	34
NC_035784.1	53639087	53639335	38
NC_035784.1	53878401	53878585	32
NC_035784.1	53993825	53994010	30
NC_035784.1	53997978	53998157	31
NC_035784.1	54021978	54022162	30
NC_035784.1	54075165	54075349	30
NC_035784.1	54357188	54357375	44
NC_035784.1	54635216	54635395	30
NC_035784.1	54642384	54642516	32
NC_035784.1	54802369	54802564	44
NC_035784.1	54951924	54952114	34
NC_035784.1	55116505	55116698	30
NC_035784.1	55137893	55138177	46
NC_035784.1	55138502	55138688	30
NC_035784.1	55148642	55148822	30
NC_035784.1	55158156	55158392	40
NC_035784.1	57174986	57175184	32
NC_035784.1	57417235	57417415	30
NC_035784.1	57613688	57613887	33
NC_035784.1	57797085	57797274	32
NC_035784.1	58868269	58868462	30
NC_035784.1	58920578	58920774	32
NC_035784.1	59229522	59229572	30
NC_035784.1	59363134	59363319	30
NC_035784.1	59365110	59365253	30
NC_035784.1	59370137	59370428	47
NC_035784.1	59408731	59408980	43
NC_035784.1	59714868	59715064	30
NC_035784.1	59793996	59794189	31
NC_035784.1	60879821	60879953	30
NC_035784.1	61183912	61184059	30
NC_035784.1	61185026	61185225	30
NC_035784.1	62862436	62862619	30
NC_035784.1	62863476	62863526	30
NC_035784.1	63441734	63441925	30
NC_035784.1	63566700	63566757	32
NC_035784.1	63588269	63588357	30
NC_035784.1	63702719	63702891	31
NC_035784.1	63871940	63872139	32
NC_035784.1	64105420	64105609	32
NC_035784.1	64818423	64818669	40
NC_035784.1	65415662	65415850	34
NC_035784.1	65421135	65421328	31
NC_035784.1	65592647	65592831	30
NC_035784.1	65675466	65675658	30
NC_035784.1	65861996	65862239	48
NC_035784.1	65867295	65867538	39
NC_035784.1	65886714	65886901	31
NC_035784.1	66347600	66347799	32
NC_035784.1	66676886	66677077	32
NC_035784.1	67117573	67117745	30
NC_035784.1	67122122	67122321	34
NC_035784.1	67134734	67134912	39
NC_035784.1	67157789	67158026	41
NC_035784.1	67242535	67242711	31
NC_035784.1	67982443	67982827	61
NC_035784.1	67984113	67984405	50
NC_035784.1	68211527	68211723	32
NC_035784.1	69117694	69118225	86
NC_035784.1	69651652	69651943	50
NC_035784.1	70599883	70600080	30
NC_035784.1	71019245	71019490	38
NC_035784.1	71027437	71027665	40
NC_035784.1	71041214	71041412	30
NC_035784.1	71083693	71083890	32
NC_035784.1	71687243	71687439	33
NC_035784.1	71690521	71690707	31
NC_035784.1	71929075	71929263	32
NC_035784.1	72401878	72402077	32
NC_035784.1	72727469	72727696	38
NC_035784.1	72728877	72729143	55
NC_035784.1	74873163	74873358	30
NC_035784.1	74986353	74986546	30
NC_035784.1	75404196	75404426	43
NC_035784.1	75648127	75648360	43
NC_035784.1	75650175	75650330	38
NC_035784.1	78126686	78126920	40
NC_035784.1	78246415	78246714	47
NC_035784.1	78248093	78248284	32
NC_035784.1	79221283	79221520	49
NC_035784.1	79228619	79228886	45
NC_035784.1	79235609	79235793	35
NC_035784.1	79293318	79293614	46
NC_035784.1	79328405	79328601	31
NC_035784.1	79432542	79432738	30
NC_035784.1	79437838	79438037	32
NC_035784.1	79598840	79599162	54
NC_035784.1	79826981	79827172	40
NC_035784.1	79834834	79835031	33
NC_035784.1	80247855	80248042	30
NC_035784.1	80308455	80308639	33
NC_035784.1	80565248	80565392	35
NC_035784.1	80637041	80637180	34
NC_035784.1	80953705	80953900	30
NC_035784.1	80958935	80959134	30
NC_035784.1	80959602	80959792	30
NC_035784.1	80961288	80961480	30
NC_035784.1	81098047	81098227	34
NC_035784.1	81098993	81099164	32
NC_035784.1	82071884	82072120	40
NC_035784.1	82083695	82084060	60
NC_035784.1	82085156	82085342	32
NC_035784.1	82571532	82571721	31
NC_035784.1	82571739	82571928	30
NC_035784.1	82572193	82572391	30
NC_035784.1	82572429	82572619	34
NC_035784.1	82572894	82573086	30
NC_035784.1	82573442	82573632	30
NC_035784.1	82573809	82573997	30
NC_035784.1	83069156	83069355	31
NC_035784.1	83203809	83204033	41
NC_035784.1	83290596	83290793	32
NC_035784.1	83345513	83345709	30
NC_035784.1	83497247	83497439	30
NC_035784.1	83521740	83521938	31
NC_035784.1	84820858	84821030	32
NC_035784.1	85154833	85155019	31
NC_035784.1	85389241	85389415	30
NC_035784.1	85850211	85850460	38
NC_035784.1	85945379	85945574	31
NC_035784.1	86181737	86181880	33
NC_035784.1	86397464	86397750	48
NC_035784.1	86548784	86549109	53
NC_035784.1	86563530	86563718	35
NC_035784.1	86644473	86644660	31
NC_035784.1	86645977	86646234	50
NC_035784.1	86650312	86650503	30
NC_035784.1	86671764	86672154	64
NC_035784.1	86679505	86679714	38
NC_035784.1	86835634	86835789	31
NC_035784.1	86855975	86856152	30
NC_035784.1	86884025	86884208	30
NC_035784.1	86912230	86912429	30
NC_035784.1	86938849	86939047	31
NC_035784.1	86946484	86946605	31
NC_035784.1	87064334	87064478	32
NC_035784.1	88274872	88275066	30
NC_035784.1	88315618	88315811	30
NC_035784.1	88830936	88831240	55
NC_035784.1	88887115	88887361	41
NC_035784.1	90903113	90903312	31
NC_035784.1	91286975	91287222	42
NC_035784.1	91288100	91288297	31
NC_035784.1	91302649	91302872	38
NC_035784.1	91529818	91530034	40
NC_035784.1	92005445	92005644	31
NC_035784.1	92007149	92007345	32
NC_035784.1	92841915	92842211	48
NC_035784.1	92842669	92842898	38
NC_035784.1	92844639	92844829	33
NC_035784.1	92850842	92851008	31
NC_035784.1	92892532	92892729	30
NC_035784.1	93027172	93027349	32
NC_035784.1	93036661	93036894	42
NC_035784.1	93082422	93082641	42
NC_035784.1	93088076	93088264	34
NC_035784.1	93088486	93088858	70
NC_035784.1	93255688	93255887	30
NC_035784.1	93691601	93691790	34
NC_035784.1	93698743	93698934	30
NC_035784.1	93945304	93945481	30
NC_035784.1	93946712	93946938	43
NC_035784.1	94132384	94132575	30
NC_035784.1	94150612	94150838	50
NC_035784.1	94151999	94152256	49
NC_035784.1	94425129	94425320	31
NC_035784.1	94440869	94441034	30
NC_035784.1	94442207	94442532	56
NC_035784.1	94443592	94443841	43
NC_035784.1	94492171	94492326	30
NC_035784.1	94514723	94514901	31
NC_035784.1	94515407	94515606	31
NC_035784.1	94525267	94525463	32
NC_035784.1	94992518	94992699	32
NC_035784.1	95020230	95020416	30
NC_035784.1	95054528	95054725	33
NC_035784.1	95471703	95471890	33
NC_035784.1	95473064	95473279	41
NC_035784.1	95475762	95475959	33
NC_035784.1	95886240	95886489	39
NC_035784.1	96107042	96107212	31
NC_035784.1	96255607	96255803	31
NC_035784.1	96267382	96267619	38
NC_035784.1	96271904	96272202	46
NC_035784.1	96277156	96277347	31
NC_035784.1	96342369	96342565	30
NC_035784.1	96344462	96344647	32
NC_035784.1	96370148	96370372	38
NC_035784.1	96372278	96372446	34
NC_035784.1	96568084	96568281	33
NC_035784.1	96605859	96606033	32
NC_035784.1	96612171	96612356	30
NC_035784.1	96814191	96814361	34
NC_035784.1	97076126	97076320	30
NC_035784.1	97245362	97245551	33
NC_035784.1	97627157	97627366	39
NC_035784.1	97631122	97631312	31
NC_035784.1	97780181	97780459	49
NC_035784.1	98565701	98565899	30
NC_035785.1	12410	12608	31
NC_035785.1	30566	30718	32
NC_035785.1	2642211	2642410	31
NC_035785.1	3283884	3284016	33
NC_035785.1	4303305	4303472	30
NC_035785.1	4749838	4750025	30
NC_035785.1	4799955	4800154	31
NC_035785.1	5065716	5065899	30
NC_035785.1	5244038	5244212	35
NC_035785.1	5267936	5268088	33
NC_035785.1	5733466	5733665	43
NC_035785.1	5823741	5823798	32
NC_035785.1	6559685	6559872	33
NC_035785.1	6561095	6561323	39
NC_035785.1	6786452	6786624	41
NC_035785.1	7147824	7148011	34
NC_035785.1	7228149	7228308	32
NC_035785.1	7544760	7544958	33
NC_035785.1	7546830	7547022	30
NC_035785.1	8483857	8484047	30
NC_035785.1	8513639	8513986	54
NC_035785.1	8515428	8515624	32
NC_035785.1	8556004	8556163	30
NC_035785.1	9453835	9454005	34
NC_035785.1	10010905	10011093	30
NC_035785.1	10654821	10655000	30
NC_035785.1	10756133	10756292	34
NC_035785.1	10798577	10798836	45
NC_035785.1	11139527	11139726	35
NC_035785.1	11143672	11143908	38
NC_035785.1	11157886	11158084	30
NC_035785.1	11159367	11159576	41
NC_035785.1	12517200	12517378	30
NC_035785.1	12701329	12701518	34
NC_035785.1	13026555	13026744	33
NC_035785.1	13232023	13232131	30
NC_035785.1	13837810	13837989	30
NC_035785.1	14114628	14114853	41
NC_035785.1	14154220	14154406	30
NC_035785.1	14355623	14355798	30
NC_035785.1	14486018	14486214	30
NC_035785.1	14674153	14674452	45
NC_035785.1	14954877	14955040	30
NC_035785.1	15054618	15054815	30
NC_035785.1	15104779	15104948	30
NC_035785.1	15105032	15105230	33
NC_035785.1	15483421	15483769	54
NC_035785.1	15504894	15505086	30
NC_035785.1	15623188	15623350	32
NC_035785.1	16137631	16137829	30
NC_035785.1	16462874	16463021	32
NC_035785.1	16471858	16472007	36
NC_035785.1	16476304	16476480	31
NC_035785.1	16602032	16602212	31
NC_035785.1	16626104	16626397	47
NC_035785.1	16630971	16631267	48
NC_035785.1	16974015	16974265	48
NC_035785.1	17097210	17097431	41
NC_035785.1	17101033	17101258	41
NC_035785.1	17361861	17362048	31
NC_035785.1	17375994	17376287	47
NC_035785.1	17377636	17377883	38
NC_035785.1	17388305	17388501	30
NC_035785.1	17424839	17425030	32
NC_035785.1	17512685	17512978	48
NC_035785.1	17728169	17728429	46
NC_035785.1	18051466	18051636	30
NC_035785.1	19176309	19176557	40
NC_035785.1	20395354	20395529	30
NC_035785.1	20529116	20529313	30
NC_035785.1	21562538	21562771	40
NC_035785.1	22221361	22221418	34
NC_035785.1	23370383	23370573	30
NC_035785.1	23999884	24000069	32
NC_035785.1	25764498	25764675	32
NC_035785.1	26046919	26047104	35
NC_035785.1	26064811	26065010	30
NC_035785.1	26686886	26687079	30
NC_035785.1	26843172	26843484	55
NC_035785.1	26844805	26845103	46
NC_035785.1	27870241	27870431	30
NC_035785.1	28231322	28231378	30
NC_035785.1	29123416	29123603	33
NC_035785.1	29124972	29125205	38
NC_035785.1	29165061	29165390	58
NC_035785.1	29734525	29734720	30
NC_035785.1	29734866	29735065	30
NC_035785.1	29762135	29762324	36
NC_035785.1	29808047	29808242	33
NC_035785.1	29810677	29810727	30
NC_035785.1	30600268	30600483	39
NC_035785.1	31854414	31854608	31
NC_035785.1	31873081	31873268	30
NC_035785.1	32152270	32152468	30
NC_035785.1	34601724	34601915	32
NC_035785.1	34880012	34880236	38
NC_035785.1	35144347	35144460	30
NC_035785.1	35668133	35668329	30
NC_035785.1	35671630	35671828	30
NC_035785.1	35758657	35758853	31
NC_035785.1	35936664	35936831	30
NC_035785.1	36397120	36397304	34
NC_035785.1	36540432	36540611	31
NC_035785.1	36563968	36564151	32
NC_035785.1	37162415	37162570	37
NC_035785.1	37491588	37491953	61
NC_035785.1	38264015	38264163	30
NC_035785.1	38300174	38300357	31
NC_035785.1	38595594	38595783	30
NC_035785.1	40539351	40539633	46
NC_035785.1	40727329	40727510	31
NC_035785.1	40730478	40730638	32
NC_035785.1	40864145	40864475	53
NC_035785.1	40864545	40864724	30
NC_035785.1	40865092	40865322	41
NC_035785.1	40872245	40872436	32
NC_035785.1	40888135	40888330	31
NC_035785.1	40975717	40975906	30
NC_035785.1	40977253	40977523	47
NC_035785.1	42535265	42535456	34
NC_035785.1	42537116	42537340	53
NC_035785.1	42753194	42753393	31
NC_035785.1	43395323	43395478	31
NC_035785.1	43425806	43426135	54
NC_035785.1	43427225	43427442	38
NC_035785.1	43464527	43464859	55
NC_035785.1	43466204	43466482	58
NC_035785.1	43485977	43486149	30
NC_035785.1	43671416	43671609	31
NC_035785.1	43748652	43748875	39
NC_035785.1	43751253	43751441	30
NC_035785.1	43756436	43756790	61
NC_035785.1	44425217	44425436	38
NC_035785.1	44426672	44426937	52
NC_035785.1	44489679	44489874	31
NC_035785.1	44647275	44647465	30
NC_035785.1	44755679	44755873	30
NC_035785.1	45517455	45517645	31
NC_035785.1	45545347	45545544	30
NC_035785.1	46668010	46668200	32
NC_035785.1	46669649	46669848	30
NC_035785.1	48199623	48199911	48
NC_035785.1	48201313	48201609	49
NC_035785.1	48225300	48225495	31
NC_035785.1	48226529	48226744	41
NC_035785.1	49378424	49378616	36
NC_035785.1	50027164	50027360	35
NC_035785.1	50028595	50028789	31
NC_035785.1	50036248	50036478	40
NC_035785.1	50040800	50040993	45
NC_035786.1	142406	142598	31
NC_035786.1	284997	285196	44
NC_035786.1	469544	469739	32
NC_035786.1	576784	576965	30
NC_035786.1	577223	577401	30
NC_035786.1	583273	583480	38
NC_035786.1	585364	585650	45
NC_035786.1	660532	660763	41
NC_035786.1	732021	732189	32
NC_035786.1	819939	820131	31
NC_035786.1	844214	844403	30
NC_035786.1	863980	864166	33
NC_035786.1	865135	865369	42
NC_035786.1	894865	895148	47
NC_035786.1	897794	898041	40
NC_035786.1	919613	919886	46
NC_035786.1	956576	956772	30
NC_035786.1	958182	958418	40
NC_035786.1	976870	977099	38
NC_035786.1	979004	979158	31
NC_035786.1	983930	984128	30
NC_035786.1	999634	999827	30
NC_035786.1	1014048	1014240	30
NC_035786.1	1048666	1048864	30
NC_035786.1	1392289	1392531	38
NC_035786.1	1394821	1395020	30
NC_035786.1	1420112	1420328	39
NC_035786.1	1562769	1563000	42
NC_035786.1	1596707	1596906	30
NC_035786.1	1607854	1608039	34
NC_035786.1	1642220	1642403	30
NC_035786.1	1650480	1650614	34
NC_035786.1	1651847	1652079	40
NC_035786.1	1657291	1657615	56
NC_035786.1	1657849	1658123	48
NC_035786.1	1663036	1663217	30
NC_035786.1	1672191	1672428	44
NC_035786.1	1679209	1679408	30
NC_035786.1	1701548	1701886	55
NC_035786.1	1706437	1706924	78
NC_035786.1	1708220	1708414	32
NC_035786.1	1713058	1713432	61
NC_035786.1	1714785	1715084	45
NC_035786.1	1722905	1723240	53
NC_035786.1	1724551	1724997	68
NC_035786.1	1726240	1726579	53
NC_035786.1	2031217	2031413	31
NC_035786.1	2397550	2397747	30
NC_035786.1	3110628	3110678	30
NC_035786.1	4623040	4623214	33
NC_035786.1	4921450	4921621	30
NC_035786.1	5179578	5179756	31
NC_035786.1	5306978	5307156	32
NC_035786.1	8735873	8736116	38
NC_035786.1	8775834	8776012	32
NC_035786.1	10479957	10480014	33
NC_035786.1	11805315	11805650	56
NC_035786.1	11897148	11897306	30
NC_035786.1	12194137	12194299	35
NC_035786.1	12392811	12392996	36
NC_035786.1	12417092	12417315	42
NC_035786.1	13313151	13313314	31
NC_035786.1	13807993	13808331	53
NC_035786.1	13817360	13817632	51
NC_035786.1	14708214	14708458	41
NC_035786.1	14731029	14731200	30
NC_035786.1	14841146	14841434	52
NC_035786.1	14848670	14848813	37
NC_035786.1	14973619	14973840	41
NC_035786.1	15492897	15493092	30
NC_035786.1	15558358	15558596	41
NC_035786.1	15965973	15966188	39
NC_035786.1	16098396	16098594	30
NC_035786.1	16101357	16101556	30
NC_035786.1	16921509	16921745	38
NC_035786.1	17895575	17895774	32
NC_035786.1	19309107	19309306	32
NC_035786.1	20099707	20099866	30
NC_035786.1	20145382	20145575	30
NC_035786.1	20450187	20450244	34
NC_035786.1	20889567	20889761	32
NC_035786.1	21472895	21473049	30
NC_035786.1	24008259	24008450	30
NC_035786.1	24296273	24296465	30
NC_035786.1	24298349	24298543	30
NC_035786.1	24321430	24321627	31
NC_035786.1	24605632	24605940	54
NC_035786.1	24607289	24607586	47
NC_035786.1	24617607	24617793	31
NC_035786.1	26352442	26352627	31
NC_035786.1	26416910	26417032	30
NC_035786.1	26949085	26949281	30
NC_035786.1	28789332	28789507	30
NC_035786.1	28927824	28928005	34
NC_035786.1	29094718	29094917	30
NC_035786.1	29610573	29610948	65
NC_035786.1	29612320	29612527	39
NC_035786.1	29937804	29938101	46
NC_035786.1	30534568	30534749	38
NC_035786.1	30564288	30564481	30
NC_035786.1	31401257	31401455	30
NC_035786.1	31639611	31639807	31
NC_035786.1	31942198	31942383	37
NC_035786.1	31944163	31944461	47
NC_035786.1	33383990	33384189	30
NC_035786.1	33403776	33403970	31
NC_035786.1	33761747	33761989	38
NC_035786.1	34107666	34107865	32
NC_035786.1	34344149	34344333	32
NC_035786.1	34359448	34359644	31
NC_035786.1	34378147	34378311	30
NC_035786.1	34472470	34472662	31
NC_035786.1	35099961	35100139	30
NC_035786.1	35278006	35278203	31
NC_035786.1	36169286	36169479	31
NC_035786.1	36783007	36783185	30
NC_035786.1	37082014	37082209	30
NC_035786.1	37173693	37173882	32
NC_035786.1	37262415	37262791	62
NC_035786.1	37264047	37264330	45
NC_035786.1	37464568	37464766	30
NC_035786.1	37658157	37658350	31
NC_035786.1	38665591	38665789	30
NC_035786.1	38993252	38993626	61
NC_035786.1	39268093	39268284	31
NC_035786.1	39446807	39446999	35
NC_035786.1	39448405	39448688	62
NC_035786.1	40175537	40175786	43
NC_035786.1	40277332	40277510	32
NC_035786.1	41901061	41901251	35
NC_035786.1	42339075	42339265	32
NC_035786.1	42412729	42412918	30
NC_035786.1	42503134	42503324	32
NC_035786.1	42697102	42697300	31
NC_035786.1	42702939	42703365	70
NC_035786.1	42849789	42849980	33
NC_035786.1	42852565	42852762	31
NC_035786.1	42855848	42856030	30
NC_035786.1	42858919	42859137	38
NC_035786.1	42940293	42940462	30
NC_035786.1	42984705	42984755	30
NC_035786.1	43696790	43696989	30
NC_035786.1	44125015	44125197	31
NC_035786.1	44133258	44133533	48
NC_035786.1	44782296	44782466	33
NC_035786.1	44965032	44965230	32
NC_035786.1	45780606	45780764	32
NC_035786.1	45805229	45805570	54
NC_035786.1	45812158	45812342	33
NC_035786.1	45853898	45854091	30
NC_035786.1	46219077	46219206	42
NC_035786.1	46223502	46223740	38
NC_035786.1	46237339	46237532	30
NC_035786.1	46485601	46485897	48
NC_035786.1	46825397	46825591	31
NC_035786.1	46825807	46826053	38
NC_035786.1	46914485	46914670	32
NC_035786.1	46985933	46986109	35
NC_035786.1	46998493	46998656	35
NC_035786.1	47211204	47211447	41
NC_035786.1	47607732	47607920	31
NC_035786.1	47672253	47672438	36
NC_035786.1	47747074	47747238	33
NC_035786.1	49019673	49019869	30
NC_035786.1	49022274	49022472	37
NC_035786.1	49329482	49329664	30
NC_035786.1	49332583	49332826	38
NC_035786.1	50110546	50110739	30
NC_035786.1	50192694	50192879	30
NC_035786.1	50887802	50887971	30
NC_035786.1	51261862	51262048	30
NC_035786.1	51609132	51609330	30
NC_035786.1	51989657	51989841	30
NC_035786.1	53095172	53095414	38
NC_035786.1	53234745	53234930	32
NC_035786.1	53704019	53704214	31
NC_035786.1	53943472	53943661	30
NC_035786.1	53945284	53945477	30
NC_035786.1	53955874	53956118	41
NC_035786.1	53963918	53964026	32
NC_035786.1	54004880	54005078	32
NC_035786.1	54808131	54808351	43
NC_035786.1	54907311	54907497	31
NC_035786.1	54911241	54911431	30
NC_035786.1	54912256	54912490	40
NC_035786.1	54913650	54913876	43
NC_035786.1	55080212	55080407	31
NC_035786.1	55569688	55569887	33
NC_035786.1	55571104	55571403	46
NC_035786.1	56406461	56406698	40
NC_035786.1	56411752	56411940	30
NC_035786.1	56412043	56412292	38
NC_035786.1	56513868	56514116	38
NC_035786.1	57043097	57043278	30
NC_035786.1	57052445	57052640	32
NC_035786.1	57112932	57113122	30
NC_035786.1	57126353	57126549	30
NC_035786.1	57131133	57131331	31
NC_035786.1	57132857	57133068	42
NC_035786.1	57136037	57136323	46
NC_035786.1	57150766	57150965	31
NC_035786.1	57180722	57181021	47
NC_035786.1	57181151	57181341	30
NC_035786.1	57182163	57182298	31
NC_035786.1	57226662	57226833	34
NC_035786.1	57228955	57229145	30
NC_035786.1	57230749	57230980	48
NC_035786.1	57516888	57517084	32
NC_035786.1	57686540	57686767	49
NC_035786.1	57728407	57728509	32
NC_035787.1	129363	129561	30
NC_035787.1	375004	375256	45
NC_035787.1	689882	690078	35
NC_035787.1	1171043	1171238	31
NC_035787.1	1278896	1279080	33
NC_035787.1	1778267	1778509	40
NC_035787.1	3099324	3099520	32
NC_035787.1	3118750	3118946	30
NC_035787.1	3985477	3985651	31
NC_035787.1	3987484	3987712	42
NC_035787.1	4009180	4009463	47
NC_035787.1	4081192	4081589	62
NC_035787.1	4082010	4082199	32
NC_035787.1	5101349	5101531	30
NC_035787.1	6197504	6197692	43
NC_035787.1	7149514	7149725	39
NC_035787.1	8590607	8590830	38
NC_035787.1	8592248	8592545	59
NC_035787.1	8617485	8617678	30
NC_035787.1	8727654	8727850	32
NC_035787.1	11713902	11714142	38
NC_035787.1	11775223	11775422	32
NC_035787.1	11776811	11777056	39
NC_035787.1	12745579	12745963	61
NC_035787.1	12747305	12747504	31
NC_035787.1	13202734	13202798	38
NC_035787.1	13653392	13653574	32
NC_035787.1	14144397	14144578	31
NC_035787.1	15224071	15224121	30
NC_035787.1	15765062	15765298	41
NC_035787.1	16580353	16580684	54
NC_035787.1	16819665	16819852	34
NC_035787.1	17361118	17361417	51
NC_035787.1	17541526	17541769	39
NC_035787.1	18112741	18113040	49
NC_035787.1	18536624	18536770	30
NC_035787.1	18709878	18710125	38
NC_035787.1	21286708	21286891	30
NC_035787.1	21295724	21295907	31
NC_035787.1	21467867	21468066	30
NC_035787.1	21721892	21722086	30
NC_035787.1	23623094	23623290	32
NC_035787.1	23880475	23880679	48
NC_035787.1	25901902	25902093	31
NC_035787.1	26143614	26143807	30
NC_035787.1	26154597	26154842	38
NC_035787.1	26885581	26885779	30
NC_035787.1	27385307	27385506	32
NC_035787.1	27388435	27388622	33
NC_035787.1	28730795	28730939	31
NC_035787.1	28816931	28817123	35
NC_035787.1	28860197	28860343	32
NC_035787.1	31022127	31022420	45
NC_035787.1	31316086	31316276	32
NC_035787.1	32018440	32018666	38
NC_035787.1	32245148	32245384	40
NC_035787.1	33630136	33630533	61
NC_035787.1	33649952	33650143	33
NC_035787.1	34966518	34966668	30
NC_035787.1	34977316	34977497	30
NC_035787.1	34983711	34983900	30
NC_035787.1	34995287	34995477	30
NC_035787.1	35468883	35469046	30
NC_035787.1	35967255	35967454	30
NC_035787.1	35973599	35973884	46
NC_035787.1	36004366	36004513	32
NC_035787.1	36191473	36191680	38
NC_035787.1	36405760	36405959	31
NC_035787.1	36405964	36406188	38
NC_035787.1	36948829	36949072	44
NC_035787.1	36972634	36972832	30
NC_035787.1	37259038	37259280	40
NC_035787.1	37261276	37261562	47
NC_035787.1	37324986	37325180	34
NC_035787.1	37439981	37440178	32
NC_035787.1	37795282	37795464	31
NC_035787.1	37825771	37826036	50
NC_035787.1	38053169	38053361	32
NC_035787.1	38056734	38056931	33
NC_035787.1	38773265	38773452	32
NC_035787.1	38793707	38793903	31
NC_035787.1	40977876	40978074	30
NC_035787.1	41000692	41000890	30
NC_035787.1	41015969	41016265	47
NC_035787.1	41045433	41045628	35
NC_035787.1	41049962	41051108	177
NC_035787.1	42401710	42401909	31
NC_035787.1	42407948	42408175	42
NC_035787.1	42660000	42660198	34
NC_035787.1	42746661	42746908	41
NC_035787.1	42747415	42747608	30
NC_035787.1	42750872	42751048	30
NC_035787.1	42751083	42751430	67
NC_035787.1	42761338	42761528	31
NC_035787.1	42765230	42765456	39
NC_035787.1	42766684	42766867	30
NC_035787.1	42771836	42772132	48
NC_035787.1	42776334	42776529	34
NC_035787.1	42896422	42896631	42
NC_035787.1	43147547	43147673	30
NC_035787.1	43429680	43429877	30
NC_035787.1	43494036	43494253	38
NC_035787.1	43555909	43556106	30
NC_035787.1	43571667	43571845	32
NC_035787.1	43631068	43631308	39
NC_035787.1	43633383	43633546	31
NC_035787.1	43640572	43640759	31
NC_035787.1	43860164	43860347	30
NC_035787.1	44975389	44975592	41
NC_035787.1	44977025	44977333	54
NC_035787.1	45338885	45339221	54
NC_035787.1	45339474	45339673	30
NC_035787.1	45339750	45340038	51
NC_035787.1	45370404	45370643	38
NC_035787.1	45382854	45383026	30
NC_035787.1	45618598	45618789	32
NC_035787.1	45635299	45635494	31
NC_035787.1	45644411	45644610	30
NC_035787.1	45655748	45655941	30
NC_035787.1	45659966	45660140	30
NC_035787.1	45897845	45898044	33
NC_035787.1	45920861	45920996	30
NC_035787.1	45950092	45950590	80
NC_035787.1	46607737	46608122	62
NC_035787.1	46988053	46988245	30
NC_035787.1	47188994	47189231	39
NC_035787.1	47224356	47224554	31
NC_035787.1	47247701	47247892	30
NC_035787.1	47484744	47485032	45
NC_035787.1	47540391	47540631	42
NC_035787.1	47541752	47542126	69
NC_035787.1	47558253	47558440	30
NC_035787.1	47560481	47560677	30
NC_035787.1	47839799	47839993	38
NC_035787.1	47934793	47934981	33
NC_035787.1	48169402	48169699	45
NC_035787.1	48378002	48378195	32
NC_035787.1	48386884	48387080	30
NC_035787.1	48388381	48388586	40
NC_035787.1	48397882	48398109	41
NC_035787.1	48960168	48960225	34
NC_035787.1	49028163	49028358	35
NC_035787.1	49054898	49055096	30
NC_035787.1	49142499	49142695	32
NC_035787.1	49903813	49904079	49
NC_035787.1	50064065	50064236	32
NC_035787.1	51240297	51240424	32
NC_035787.1	51445074	51445255	30
NC_035787.1	52292491	52292680	31
NC_035787.1	52722888	52723031	30
NC_035787.1	52731082	52731254	32
NC_035787.1	52732064	52732244	31
NC_035787.1	52768321	52768568	39
NC_035787.1	52769836	52769997	32
NC_035787.1	52845919	52846302	60
NC_035787.1	52852796	52852985	30
NC_035787.1	52935807	52936000	37
NC_035787.1	52942778	52942977	30
NC_035787.1	53327633	53327832	37
NC_035787.1	53330618	53330848	41
NC_035787.1	53334853	53335150	48
NC_035787.1	53533939	53534188	38
NC_035787.1	53534661	53534909	39
NC_035787.1	53536851	53537050	33
NC_035787.1	53592800	53593027	41
NC_035787.1	53594252	53594468	38
NC_035787.1	54343249	54343305	32
NC_035787.1	55319399	55319593	32
NC_035787.1	55348160	55348346	38
NC_035787.1	55350420	55350595	35
NC_035787.1	55364345	55364543	37
NC_035787.1	55404921	55405110	35
NC_035787.1	55408980	55409162	32
NC_035787.1	55642464	55642662	30
NC_035787.1	55643382	55643581	31
NC_035787.1	55672386	55672572	33
NC_035787.1	55847153	55847298	31
NC_035787.1	55849094	55849249	37
NC_035787.1	55892147	55892346	34
NC_035787.1	56511085	56511278	30
NC_035787.1	56519802	56520025	38
NC_035787.1	56539739	56539925	31
NC_035787.1	56540736	56540995	45
NC_035787.1	57236197	57236414	40
NC_035787.1	57385084	57385323	41
NC_035787.1	57827573	57827722	32
NC_035787.1	58723245	58723494	39
NC_035787.1	58976987	58977169	30
NC_035787.1	58978810	58979009	30
NC_035787.1	59147808	59148084	46
NC_035787.1	59166838	59167026	30
NC_035787.1	59170583	59170772	34
NC_035787.1	59173927	59174113	39
NC_035787.1	59176208	59176379	38
NC_035787.1	59190485	59190683	35
NC_035787.1	59219526	59219713	31
NC_035787.1	59231167	59231363	35
NC_035787.1	59235525	59235724	30
NC_035787.1	59393984	59394176	30
NC_035787.1	59457218	59457416	30
NC_035787.1	59787568	59787817	42
NC_035787.1	59789161	59789410	42
NC_035787.1	59791792	59791989	33
NC_035787.1	59793493	59793690	34
NC_035787.1	59796099	59796398	46
NC_035787.1	59797814	59798139	57
NC_035787.1	59921257	59921446	32
NC_035787.1	59922828	59923025	32
NC_035787.1	59924416	59924623	39
NC_035787.1	59927557	59927799	40
NC_035787.1	59929106	59929442	53
NC_035787.1	60155575	60155774	30
NC_035787.1	60394556	60394755	30
NC_035787.1	60454387	60454586	31
NC_035787.1	60711256	60711455	30
NC_035787.1	60713120	60713319	32
NC_035787.1	60867026	60867218	30
NC_035787.1	60868716	60869023	54
NC_035787.1	60875636	60875832	36
NC_035787.1	61011485	61011684	34
NC_035787.1	61012842	61013275	71
NC_035787.1	61041026	61041271	41
NC_035787.1	61080758	61080938	40
NC_035787.1	61107657	61107846	30
NC_035787.1	61110782	61110972	36
NC_035787.1	61310137	61310323	30
NC_035787.1	61335533	61335727	32
NC_035787.1	61405495	61405690	30
NC_035787.1	61410302	61410497	30
NC_035787.1	61470964	61471213	41
NC_035787.1	61604336	61604556	40
NC_035787.1	61609839	61610079	44
NC_035787.1	61907644	61907843	33
NC_035787.1	62739206	62739492	52
NC_035787.1	62781628	62781759	32
NC_035787.1	62782143	62782420	47
NC_035787.1	62783448	62783737	58
NC_035787.1	62798063	62798246	32
NC_035787.1	62810458	62810738	45
NC_035787.1	62811787	62812179	61
NC_035787.1	62974834	62975077	40
NC_035787.1	62976679	62976922	42
NC_035787.1	63244444	63244687	38
NC_035787.1	63246288	63246527	39
NC_035787.1	63248123	63248298	32
NC_035787.1	63451573	63451767	32
NC_035787.1	63452991	63453188	34
NC_035787.1	63738298	63738546	39
NC_035787.1	63743420	63743703	48
NC_035787.1	64364507	64364704	34
NC_035787.1	64404647	64404885	38
NC_035787.1	64430669	64430859	30
NC_035787.1	64436303	64436498	30
NC_035787.1	64437497	64437675	30
NC_035787.1	64510300	64510488	30
NC_035787.1	65104522	65104760	38
NC_035787.1	65137308	65137483	30
NC_035787.1	65392509	65392701	30
NC_035787.1	65717595	65717718	33
NC_035787.1	65788160	65788318	30
NC_035787.1	65976618	65976809	30
NC_035787.1	67344827	67344985	30
NC_035787.1	67348061	67348279	50
NC_035787.1	67598264	67598423	33
NC_035787.1	67746531	67746724	32
NC_035787.1	69029710	69029908	32
NC_035787.1	69036140	69036333	30
NC_035787.1	69257762	69257941	30
NC_035787.1	69494189	69494359	30
NC_035787.1	69977477	69977670	34
NC_035787.1	69993999	69994194	30
NC_035787.1	70568065	70568361	48
NC_035787.1	70851693	70851892	31
NC_035787.1	70853228	70853421	31
NC_035787.1	71838086	71838275	30
NC_035787.1	72412506	72412680	30
NC_035787.1	72456945	72457133	31
NC_035787.1	72627929	72628120	31
NC_035787.1	73053244	73053413	30
NC_035787.1	73160482	73160724	50
NC_035787.1	73167003	73167223	40
NC_035787.1	73831827	73832025	31
NC_035787.1	74474317	74474566	48
NC_035787.1	75173410	75173621	50
NC_035787.1	75210258	75210418	30
NC_035787.1	75671075	75671270	30
NC_035787.1	75904943	75905136	35
NC_035788.1	1909037	1909273	41
NC_035788.1	2568052	2568167	31
NC_035788.1	3044620	3044785	40
NC_035788.1	4950606	4950927	56
NC_035788.1	4952335	4952543	42
NC_035788.1	5953242	5953491	41
NC_035788.1	5968536	5968733	30
NC_035788.1	6973592	6973830	40
NC_035788.1	7057660	7057824	35
NC_035788.1	7065592	7065908	55
NC_035788.1	7080777	7081034	47
NC_035788.1	7711942	7712182	42
NC_035788.1	7712862	7713461	94
NC_035788.1	10502357	10502550	32
NC_035788.1	10504034	10504316	47
NC_035788.1	10519324	10519528	41
NC_035788.1	11159248	11159444	32
NC_035788.1	11466293	11466513	42
NC_035788.1	11929419	11929666	38
NC_035788.1	11955018	11955261	40
NC_035788.1	11956368	11956561	34
NC_035788.1	12001373	12001664	45
NC_035788.1	12911693	12912017	56
NC_035788.1	13004051	13004570	83
NC_035788.1	13960924	13961114	30
NC_035788.1	15209498	15209686	31
NC_035788.1	15215755	15215954	32
NC_035788.1	15364701	15364890	30
NC_035788.1	15827145	15827389	42
NC_035788.1	15849631	15849822	41
NC_035788.1	16092309	16092579	54
NC_035788.1	16609915	16610110	33
NC_035788.1	16949345	16949540	30
NC_035788.1	16949695	16949893	30
NC_035788.1	17353339	17353529	30
NC_035788.1	18109921	18110099	30
NC_035788.1	18748726	18748915	30
NC_035788.1	18908048	18908240	36
NC_035788.1	19068929	19069101	33
NC_035788.1	19072793	19072989	33
NC_035788.1	19240147	19240273	33
NC_035788.1	19641703	19641942	38
NC_035788.1	19952030	19952227	35
NC_035788.1	20514130	20514316	30
NC_035788.1	20520399	20520627	38
NC_035788.1	20525834	20526023	40
NC_035788.1	20542786	20542914	30
NC_035788.1	21105633	21105951	54
NC_035788.1	21107383	21107570	32
NC_035788.1	21623836	21624035	30
NC_035788.1	21900256	21900470	42
NC_035788.1	22362524	22362574	30
NC_035788.1	23395430	23395622	32
NC_035788.1	23397412	23397651	38
NC_035788.1	23397726	23397912	30
NC_035788.1	24383152	24383345	33
NC_035788.1	25036405	25036604	41
NC_035788.1	25232197	25232422	39
NC_035788.1	25360889	25361068	39
NC_035788.1	25921317	25921549	39
NC_035788.1	26851627	26851805	30
NC_035788.1	27481541	27481778	39
NC_035788.1	27483160	27483441	45
NC_035788.1	27484975	27485155	30
NC_035788.1	27729693	27729911	47
NC_035788.1	27732143	27732389	40
NC_035788.1	28081783	28082057	47
NC_035788.1	28083491	28083680	33
NC_035788.1	28357230	28357434	49
NC_035788.1	30223783	30224090	56
NC_035788.1	30225444	30225791	56
NC_035788.1	31446858	31447055	30
NC_035788.1	31457046	31457244	31
NC_035788.1	31457262	31457506	42
NC_035788.1	31479805	31480003	30
NC_035788.1	31699775	31700071	47
NC_035788.1	32151057	32151218	30
NC_035788.1	34326390	34326513	31
NC_035788.1	35112753	35112994	38
NC_035788.1	35750945	35751503	90
NC_035788.1	35759140	35759311	35
NC_035788.1	38092606	38092790	36
NC_035788.1	38929068	38929267	32
NC_035788.1	38934972	38935164	30
NC_035788.1	38940268	38940452	30
NC_035788.1	38945503	38945771	46
NC_035788.1	38947352	38947515	30
NC_035788.1	39051884	39052139	52
NC_035788.1	39080810	39081000	34
NC_035788.1	39576059	39576240	30
NC_035788.1	39959558	39959752	31
NC_035788.1	39975516	39975715	31
NC_035788.1	39995618	39995803	31
NC_035788.1	39996110	39996354	41
NC_035788.1	40341265	40341462	34
NC_035788.1	40346136	40346332	32
NC_035788.1	40992579	40992867	46
NC_035788.1	40994313	40994628	53
NC_035788.1	41044475	41044755	45
NC_035788.1	41264531	41264706	30
NC_035788.1	41414809	41414992	31
NC_035788.1	41973415	41973639	40
NC_035788.1	42230760	42230992	39
NC_035788.1	42311606	42311800	31
NC_035788.1	42331743	42331938	30
NC_035788.1	42943829	42944072	39
NC_035788.1	42944349	42944546	30
NC_035788.1	43075105	43075303	34
NC_035788.1	43075382	43075666	45
NC_035788.1	43253973	43254167	33
NC_035788.1	43254549	43254737	31
NC_035788.1	43261877	43262058	30
NC_035788.1	43311151	43311306	30
NC_035788.1	43431107	43431505	62
NC_035788.1	43797387	43797683	46
NC_035788.1	44919055	44919247	31
NC_035788.1	45215192	45215385	41
NC_035788.1	45216661	45216846	30
NC_035788.1	46072541	46072696	32
NC_035788.1	46073123	46073316	30
NC_035788.1	46166010	46166295	46
NC_035788.1	46176990	46177188	31
NC_035788.1	46199721	46199920	35
NC_035788.1	46209583	46209854	45
NC_035788.1	46212013	46212236	44
NC_035788.1	46215630	46215828	31
NC_035788.1	46219547	46219738	33
NC_035788.1	46222709	46222905	30
NC_035788.1	46268880	46269071	30
NC_035788.1	46303309	46303506	30
NC_035788.1	47024940	47025133	33
NC_035788.1	47320458	47320642	35
NC_035788.1	47687653	47687838	30
NC_035788.1	48218753	48219048	48
NC_035788.1	48219498	48219970	78
NC_035788.1	48271622	48271862	38
NC_035788.1	48290062	48290245	31
NC_035788.1	48513101	48513291	32
NC_035788.1	48527721	48527912	30
NC_035788.1	48537921	48538094	30
NC_035788.1	48553195	48553392	33
NC_035788.1	49445671	49445721	30
NC_035788.1	49470465	49470759	47
NC_035788.1	49483886	49484078	30
NC_035788.1	49498200	49498392	30
NC_035788.1	49501728	49501924	33
NC_035788.1	49524245	49524442	31
NC_035788.1	49537832	49538075	38
NC_035788.1	49570688	49570752	32
NC_035788.1	49703950	49704000	30
NC_035788.1	49991225	49991474	48
NC_035788.1	51483106	51483301	37
NC_035788.1	51976937	51977118	34
NC_035788.1	52157124	52157314	33
NC_035788.1	52631876	52632122	39
NC_035788.1	53103136	53103435	45
NC_035788.1	53106492	53106682	34
NC_035788.1	53159035	53159193	30
NC_035788.1	53325278	53325470	34
NC_035788.1	54295023	54295257	38
NC_035788.1	54295869	54296132	50
NC_035788.1	54307950	54308242	45
NC_035788.1	54310524	54310713	34
NC_035788.1	54382559	54382785	43
NC_035788.1	55340767	55340957	30
NC_035788.1	55368355	55368744	61
NC_035788.1	55421341	55421533	34
NC_035788.1	55427739	55427927	30
NC_035788.1	55441404	55441686	51
NC_035788.1	55442529	55442772	50
NC_035788.1	55450023	55450220	42
NC_035788.1	55452530	55452720	32
NC_035788.1	55492940	55493131	32
NC_035788.1	55885790	55885975	34
NC_035788.1	55930069	55930249	30
NC_035788.1	56171093	56171240	35
NC_035788.1	56499453	56499628	32
NC_035788.1	56615287	56615476	31
NC_035788.1	57251563	57251730	32
NC_035788.1	57811981	57812180	31
NC_035788.1	58023826	58024052	40
NC_035788.1	58025645	58025825	30
NC_035788.1	58089926	58090092	30
NC_035788.1	58106206	58106374	34
NC_035788.1	58107469	58107675	39
NC_035788.1	58132596	58132783	38
NC_035788.1	58184149	58184345	30
NC_035788.1	58220393	58220684	46
NC_035788.1	59031442	59031632	30
NC_035788.1	59750380	59750430	30
NC_035788.1	61027868	61028024	30
NC_035788.1	62569871	62570029	32
NC_035788.1	63256025	63256217	30
NC_035788.1	63904887	63905078	30
NC_035788.1	63984370	63984607	43
NC_035788.1	64439844	64440193	54
NC_035788.1	65149580	65149776	33
NC_035788.1	65275853	65275910	30
NC_035788.1	65774111	65774421	54
NC_035788.1	65874739	65874935	31
NC_035788.1	66599880	66600078	32
NC_035788.1	66830250	66830433	32
NC_035788.1	66928686	66928920	41
NC_035788.1	67176437	67176587	31
NC_035788.1	67817653	67817801	30
NC_035788.1	68072182	68072376	32
NC_035788.1	68110219	68110386	33
NC_035788.1	68112215	68112396	44
NC_035788.1	68119095	68119262	30
NC_035788.1	68120211	68120438	40
NC_035788.1	68199753	68199948	31
NC_035788.1	69711129	69711316	32
NC_035788.1	69834871	69835018	41
NC_035788.1	69934573	69934766	30
NC_035788.1	69937023	69937213	30
NC_035788.1	69999350	69999533	31
NC_035788.1	70173465	70173653	30
NC_035788.1	70588668	70588892	40
NC_035788.1	70590042	70590224	33
NC_035788.1	71149901	71150090	30
NC_035788.1	71400627	71400816	30
NC_035788.1	71658895	71659143	42
NC_035788.1	71684955	71685141	30
NC_035788.1	71738493	71738675	42
NC_035788.1	71764841	71765034	30
NC_035788.1	71806827	71807016	30
NC_035788.1	71987161	71987360	32
NC_035788.1	72435469	72435659	34
NC_035788.1	72565900	72566072	30
NC_035788.1	72963408	72963602	30
NC_035788.1	73101268	73101448	32
NC_035788.1	73127372	73127731	60
NC_035788.1	73129016	73129309	56
NC_035788.1	73605754	73605953	30
NC_035788.1	73955900	73956080	30
NC_035788.1	73963837	73964165	53
NC_035788.1	73965253	73965527	46
NC_035788.1	73976821	73977068	48
NC_035788.1	73990747	73991068	55
NC_035788.1	74524522	74524713	30
NC_035788.1	75513872	75514260	64
NC_035788.1	75515667	75515864	30
NC_035788.1	75634590	75634788	30
NC_035788.1	75890703	75890880	31
NC_035788.1	75891729	75891928	32
NC_035788.1	76433260	76433451	35
NC_035788.1	78114466	78114834	61
NC_035788.1	78115839	78116132	49
NC_035788.1	78126452	78126644	34
NC_035788.1	79018929	79019110	31
NC_035788.1	79177252	79177450	32
NC_035788.1	79400016	79400212	32
NC_035788.1	79457521	79457719	31
NC_035788.1	79561534	79561832	46
NC_035788.1	79561842	79562136	47
NC_035788.1	79882900	79883097	32
NC_035788.1	79920495	79920677	32
NC_035788.1	80131883	80132169	56
NC_035788.1	80139109	80139299	30
NC_035788.1	80141073	80141429	62
NC_035788.1	80143041	80143225	30
NC_035788.1	80408146	80408331	31
NC_035788.1	80435804	80436053	40
NC_035788.1	80465698	80465980	45
NC_035788.1	80547945	80548190	41
NC_035788.1	80566718	80567007	47
NC_035788.1	80752881	80753079	31
NC_035788.1	80827671	80827950	50
NC_035788.1	80832850	80833031	33
NC_035788.1	80833890	80834089	34
NC_035788.1	80938634	80938826	35
NC_035788.1	80940463	80940710	39
NC_035788.1	81575421	81575869	73
NC_035788.1	81591036	81591221	30
NC_035788.1	82382453	82382696	40
NC_035788.1	82398948	82399290	55
NC_035788.1	82400905	82401091	37
NC_035788.1	82779661	82779858	34
NC_035788.1	83096243	83096428	30
NC_035788.1	83103120	83103257	31
NC_035788.1	83292999	83293204	42
NC_035788.1	83297851	83298237	64
NC_035788.1	83314698	83314897	31
NC_035788.1	83657611	83657809	33
NC_035788.1	84086717	84086960	38
NC_035788.1	84229692	84229858	30
NC_035788.1	84237883	84238065	30
NC_035788.1	85183930	85184103	31
NC_035788.1	85227733	85227959	39
NC_035788.1	85582475	85582649	30
NC_035788.1	85733959	85734110	30
NC_035788.1	85740247	85740446	32
NC_035788.1	85746636	85746833	30
NC_035788.1	85747301	85747492	30
NC_035788.1	85779053	85779249	32
NC_035788.1	86262597	86262763	33
NC_035788.1	86262951	86263150	32
NC_035788.1	86385337	86385534	30
NC_035788.1	86391846	86392112	48
NC_035788.1	86406454	86406651	30
NC_035788.1	86436348	86436533	30
NC_035788.1	86440840	86441036	34
NC_035788.1	86443110	86443309	32
NC_035788.1	86444547	86444745	30
NC_035788.1	86948260	86948458	30
NC_035788.1	87419466	87419710	41
NC_035788.1	87890827	87891017	34
NC_035788.1	87915043	87915286	43
NC_035788.1	88469404	88469609	41
NC_035788.1	88812646	88812985	55
NC_035788.1	89368440	89368678	40
NC_035788.1	90302219	90302468	41
NC_035788.1	90604557	90604813	56
NC_035788.1	90652674	90652860	30
NC_035788.1	91300579	91300775	30
NC_035788.1	91312671	91312852	32
NC_035788.1	91695440	91695731	46
NC_035788.1	91695778	91695974	30
NC_035788.1	91761277	91761609	53
NC_035788.1	91773245	91773570	56
NC_035788.1	91775334	91775646	60
NC_035788.1	91799458	91799827	62
NC_035788.1	91801191	91801440	46
NC_035788.1	91927135	91927334	30
NC_035788.1	91936997	91937381	64
NC_035788.1	91938647	91938966	65
NC_035788.1	91942378	91942703	60
NC_035788.1	91944118	91944376	52
NC_035788.1	91953558	91953781	41
NC_035788.1	91961152	91961540	63
NC_035788.1	91962126	91962300	33
NC_035788.1	92461903	92462083	31
NC_035788.1	92484570	92484766	35
NC_035788.1	92695449	92695640	30
NC_035788.1	92703330	92703516	32
NC_035788.1	93196371	93196567	33
NC_035788.1	93561056	93561248	30
NC_035788.1	93881542	93881783	40
NC_035788.1	93883647	93883843	31
NC_035788.1	93884274	93884472	32
NC_035788.1	94505615	94505851	41
NC_035788.1	94756301	94756585	49
NC_035788.1	95310182	95310391	38
NC_035788.1	96017500	96017848	56
NC_035788.1	96402331	96402669	55
NC_035788.1	96549832	96549994	32
NC_035788.1	96882596	96882791	30
NC_035788.1	96893950	96894180	39
NC_035788.1	96900486	96900730	39
NC_035788.1	96988504	96988687	44
NC_035788.1	96989793	96990075	47
NC_035788.1	97411588	97411775	31
NC_035788.1	97441025	97441203	35
NC_035788.1	97444910	97445124	42
NC_035788.1	97446843	97447161	54
NC_035788.1	97454905	97455133	40
NC_035788.1	97461644	97461833	30
NC_035788.1	97918904	97919140	39
NC_035788.1	99134196	99134639	68
NC_035788.1	99136154	99136449	46
NC_035788.1	99136464	99136661	32
NC_035788.1	99137576	99137767	33
NC_035788.1	99138664	99138859	30
NC_035788.1	100269333	100269516	33
NC_035788.1	100285602	100285892	48
NC_035788.1	100350372	100350591	41
NC_035788.1	100379291	100379485	32
NC_035788.1	100978268	100978436	30
NC_035788.1	101625331	101625526	33
NC_035788.1	102952220	102952418	31
NC_035788.1	103040006	103040202	31
NC_035789.1	500235	500520	48
NC_035789.1	541526	541833	56
NC_035789.1	543166	543465	46
NC_035789.1	815789	816086	48
NC_035789.1	851514	851708	32
NC_035789.1	1131938	1132131	31
NC_035789.1	1132529	1132724	30
NC_035789.1	1157098	1157287	33
NC_035789.1	1180659	1180850	31
NC_035789.1	1214198	1214395	31
NC_035789.1	1228368	1228583	42
NC_035789.1	1381347	1381498	30
NC_035789.1	1921424	1921612	30
NC_035789.1	2755210	2755266	33
NC_035789.1	2991425	2991617	30
NC_035789.1	3391365	3391533	30
NC_035789.1	3822617	3822807	30
NC_035789.1	3830987	3831186	30
NC_035789.1	4017234	4017402	31
NC_035789.1	4416336	4416599	45
NC_035789.1	4432497	4432671	31
NC_035789.1	4654286	4654758	96
NC_035789.1	4917373	4917567	31
NC_035789.1	4929170	4929343	33
NC_035789.1	5349554	5349906	76
NC_035789.1	5445580	5445904	57
NC_035789.1	5528310	5528360	30
NC_035789.1	6055120	6055365	38
NC_035789.1	6059924	6060119	33
NC_035789.1	6085664	6085785	30
NC_035789.1	6175351	6175610	46
NC_035789.1	6177248	6177390	30
NC_035789.1	6767872	6768098	42
NC_035789.1	6927301	6927494	32
NC_035789.1	7929208	7929581	65
NC_035789.1	7973098	7973324	40
NC_035789.1	7984232	7984408	33
NC_035789.1	8475002	8475195	33
NC_035789.1	8485411	8485629	38
NC_035789.1	8636213	8636408	31
NC_035789.1	8846842	8847033	40
NC_035789.1	9879266	9879460	32
NC_035789.1	9916841	9917034	33
NC_035789.1	10190948	10191142	32
NC_035789.1	10207495	10207634	33
NC_035789.1	10579940	10580040	30
NC_035789.1	10640483	10640707	56
NC_035789.1	11349290	11349483	36
NC_035789.1	11399511	11399707	31
NC_035789.1	12018674	12018889	38
NC_035789.1	12020057	12020236	35
NC_035789.1	13653653	13653846	31
NC_035789.1	13654479	13654672	30
NC_035789.1	13767979	13768113	30
NC_035789.1	16175152	16175333	33
NC_035789.1	16524541	16524740	33
NC_035789.1	16708357	16708550	35
NC_035789.1	18309596	18309794	30
NC_035789.1	18792637	18792828	32
NC_035789.1	19244375	19244489	32
NC_035789.1	19310721	19310918	31
NC_035789.1	19434840	19435032	30
NC_035789.1	21437926	21438118	36
NC_035789.1	21808911	21809189	46
NC_035789.1	22518341	22518398	34
NC_035789.1	22623816	22624064	47
NC_035789.1	22979108	22979297	32
NC_035789.1	26993268	26993454	30
NC_035789.1	27323712	27323907	30
NC_035789.1	27654057	27654235	34
NC_035789.1	28046495	28046721	42
NC_035789.1	28504988	28505184	30
NC_035789.1	29042791	29042841	30
NC_035789.1	31082530	31082723	30
NC_035789.1	31088506	31088692	32
NC_035789.1	31089677	31089924	39
NC_035789.1	31187372	31187555	37
NC_035789.1	31904603	31904797	30
NC_035789.1	32244175	32244368	30
NC_035789.1	32245844	32246106	54
